dataset,param_i,param_j,hpd_level,corr,in_hpd50,in_hpd90,in_hpd95
linear_obserr_scale00,x0,x1,0.64,-0.09283013435807128,False,True,True
linear_obserr_scale00,x0,x2,0.671,0.09022950960193052,False,True,True
linear_obserr_scale00,x0,x3,0.81,0.09396296316254277,False,True,True
linear_obserr_scale00,x0,x4,0.698,0.1161195923662573,False,True,True
linear_obserr_scale00,x0,x5,0.577,-0.08278470570778958,False,True,True
linear_obserr_scale00,x0,x6,0.615,0.159373440462562,False,True,True
linear_obserr_scale00,x0,x7,0.659,0.09307055054370839,False,True,True
linear_obserr_scale00,x0,x8,0.708,0.03420892272650614,False,True,True
linear_obserr_scale00,x0,x9,0.703,-0.01279980077773537,False,True,True
linear_obserr_scale00,x0,x10,0.568,-0.01599504057131589,False,True,True
linear_obserr_scale00,x0,x11,0.69,-0.044838335093656055,False,True,True
linear_obserr_scale00,x0,x12,0.495,-0.1126477012104835,True,True,True
linear_obserr_scale00,x0,x13,0.741,-0.03466447563147173,False,True,True
linear_obserr_scale00,x0,x14,0.605,-0.22233296760876914,False,True,True
linear_obserr_scale00,x0,x15,0.747,0.1566297018132965,False,True,True
linear_obserr_scale00,x0,x16,0.584,0.053355072661827874,False,True,True
linear_obserr_scale00,x0,x17,0.725,0.09061121768865109,False,True,True
linear_obserr_scale00,x0,x18,0.606,-0.08623842598183822,False,True,True
linear_obserr_scale00,x0,x19,0.696,0.0008751140242243585,False,True,True
linear_obserr_scale00,x1,x2,0.103,0.08437378722077744,True,True,True
linear_obserr_scale00,x1,x3,0.635,-0.0734796877196421,False,True,True
linear_obserr_scale00,x1,x4,0.409,0.012500411905867148,True,True,True
linear_obserr_scale00,x1,x5,0.768,-0.05689009494553467,False,True,True
linear_obserr_scale00,x1,x6,0.247,-0.027555300828814158,True,True,True
linear_obserr_scale00,x1,x7,0.759,-0.040851621235295246,False,True,True
linear_obserr_scale00,x1,x8,0.489,0.0042549338379555485,True,True,True
linear_obserr_scale00,x1,x9,0.325,-0.015283091423868049,True,True,True
linear_obserr_scale00,x1,x10,0.332,-0.08448310333455929,True,True,True
linear_obserr_scale00,x1,x11,0.513,0.01972642581622419,False,True,True
linear_obserr_scale00,x1,x12,0.246,-0.03617847827021886,True,True,True
linear_obserr_scale00,x1,x13,0.59,0.13239174824056116,False,True,True
linear_obserr_scale00,x1,x14,0.415,0.07469709886402219,True,True,True
linear_obserr_scale00,x1,x15,0.478,-0.002209617758530739,True,True,True
linear_obserr_scale00,x1,x16,0.341,0.06352253901731213,True,True,True
linear_obserr_scale00,x1,x17,0.214,0.038143698493018005,True,True,True
linear_obserr_scale00,x1,x18,0.294,-0.15704721922476222,True,True,True
linear_obserr_scale00,x1,x19,0.455,0.1925069055402818,True,True,True
linear_obserr_scale00,x2,x3,0.321,-0.044472424016203715,True,True,True
linear_obserr_scale00,x2,x4,0.281,-0.00558917282377199,True,True,True
linear_obserr_scale00,x2,x5,0.428,0.0936932569846725,True,True,True
linear_obserr_scale00,x2,x6,0.159,-0.11856534808028726,True,True,True
linear_obserr_scale00,x2,x7,0.312,-0.04687444359827111,True,True,True
linear_obserr_scale00,x2,x8,0.429,-0.06801631703871297,True,True,True
linear_obserr_scale00,x2,x9,0.147,0.1070746386446593,True,True,True
linear_obserr_scale00,x2,x10,0.229,0.004265618193879171,True,True,True
linear_obserr_scale00,x2,x11,0.196,0.09980009586946907,True,True,True
linear_obserr_scale00,x2,x12,0.176,-0.06030614185020416,True,True,True
linear_obserr_scale00,x2,x13,0.378,0.17234809476784996,True,True,True
linear_obserr_scale00,x2,x14,0.255,-0.005764893952958168,True,True,True
linear_obserr_scale00,x2,x15,0.274,-0.11293494729771575,True,True,True
linear_obserr_scale00,x2,x16,0.245,0.10435003519920781,True,True,True
linear_obserr_scale00,x2,x17,0.095,-0.000780687116391802,True,True,True
linear_obserr_scale00,x2,x18,0.171,-0.1090518172880524,True,True,True
linear_obserr_scale00,x2,x19,0.32,0.18958368430921818,True,True,True
linear_obserr_scale00,x3,x4,0.469,-0.012974953935120041,True,True,True
linear_obserr_scale00,x3,x5,0.592,-0.050126525315283964,False,True,True
linear_obserr_scale00,x3,x6,0.567,0.0405031191035107,False,True,True
linear_obserr_scale00,x3,x7,0.592,0.020361828021378647,False,True,True
linear_obserr_scale00,x3,x8,0.817,0.07722065982506207,False,True,True
linear_obserr_scale00,x3,x9,0.644,0.08208546082308377,False,True,True
linear_obserr_scale00,x3,x10,0.333,0.05525342735768867,True,True,True
linear_obserr_scale00,x3,x11,0.543,-0.021665944003904796,False,True,True
linear_obserr_scale00,x3,x12,0.533,-0.018015365182681778,False,True,True
linear_obserr_scale00,x3,x13,0.837,-0.2072104715288773,False,True,True
linear_obserr_scale00,x3,x14,0.607,0.0017194900339430434,False,True,True
linear_obserr_scale00,x3,x15,0.698,0.13728572110972312,False,True,True
linear_obserr_scale00,x3,x16,0.517,-0.0063133354966732665,False,True,True
linear_obserr_scale00,x3,x17,0.483,-0.03900651555244864,True,True,True
linear_obserr_scale00,x3,x18,0.505,0.09446389760954901,False,True,True
linear_obserr_scale00,x3,x19,0.836,-0.09721113153532325,False,True,True
linear_obserr_scale00,x4,x5,0.244,0.008312911048577532,True,True,True
linear_obserr_scale00,x4,x6,0.281,0.03489286864809743,True,True,True
linear_obserr_scale00,x4,x7,0.36,-0.17569338334081686,True,True,True
linear_obserr_scale00,x4,x8,0.54,-0.04385636380867262,False,True,True
linear_obserr_scale00,x4,x9,0.542,0.11072677064709041,False,True,True
linear_obserr_scale00,x4,x10,0.278,-0.1014146424825155,True,True,True
linear_obserr_scale00,x4,x11,0.252,-0.015997272362962833,True,True,True
linear_obserr_scale00,x4,x12,0.294,0.03866574430721991,True,True,True
linear_obserr_scale00,x4,x13,0.56,-0.052930629174761504,False,True,True
linear_obserr_scale00,x4,x14,0.427,-0.06231591207716683,True,True,True
linear_obserr_scale00,x4,x15,0.479,-0.03127044599520985,True,True,True
linear_obserr_scale00,x4,x16,0.324,-0.03335591761629638,True,True,True
linear_obserr_scale00,x4,x17,0.371,-0.024561458953561745,True,True,True
linear_obserr_scale00,x4,x18,0.378,-0.11158553605886312,True,True,True
linear_obserr_scale00,x4,x19,0.581,0.024909975454757465,False,True,True
linear_obserr_scale00,x5,x6,0.305,0.05115548656648257,True,True,True
linear_obserr_scale00,x5,x7,0.231,-0.00672322556908636,True,True,True
linear_obserr_scale00,x5,x8,0.058,-0.06308098095100112,True,True,True
linear_obserr_scale00,x5,x9,0.759,-0.1393661742273229,False,True,True
linear_obserr_scale00,x5,x10,0.037,0.018822707867999017,True,True,True
linear_obserr_scale00,x5,x11,0.781,0.12450419976809067,False,True,True
linear_obserr_scale00,x5,x12,0.288,0.04074863134939075,True,True,True
linear_obserr_scale00,x5,x13,0.54,0.12338321178973853,False,True,True
linear_obserr_scale00,x5,x14,0.39,0.014546637021744985,True,True,True
linear_obserr_scale00,x5,x15,0.479,-0.06832036707455143,True,True,True
linear_obserr_scale00,x5,x16,0.033,0.0726720161789941,True,True,True
linear_obserr_scale00,x5,x17,0.69,-0.1441764121938314,False,True,True
linear_obserr_scale00,x5,x18,0.028,0.016716022303770908,True,True,True
linear_obserr_scale00,x5,x19,0.512,0.18445814645076264,False,True,True
linear_obserr_scale00,x6,x7,0.294,0.0647955136519247,True,True,True
linear_obserr_scale00,x6,x8,0.394,0.0015751186883433896,True,True,True
linear_obserr_scale00,x6,x9,0.153,-0.08440504928874422,True,True,True
linear_obserr_scale00,x6,x10,0.149,-0.04008273950773793,True,True,True
linear_obserr_scale00,x6,x11,0.599,0.06020951827487415,False,True,True
linear_obserr_scale00,x6,x12,0.202,-0.0496320333155849,True,True,True
linear_obserr_scale00,x6,x13,0.355,-0.1974316269049234,True,True,True
linear_obserr_scale00,x6,x14,0.231,-0.03235538288096649,True,True,True
linear_obserr_scale00,x6,x15,0.587,0.13318347339176995,False,True,True
linear_obserr_scale00,x6,x16,0.171,-0.028357590980751714,True,True,True
linear_obserr_scale00,x6,x17,0.171,-0.09061957016789804,True,True,True
linear_obserr_scale00,x6,x18,0.258,0.01919205133199217,True,True,True
linear_obserr_scale00,x6,x19,0.293,0.08650184914414336,True,True,True
linear_obserr_scale00,x7,x8,0.619,0.022631539838254805,False,True,True
linear_obserr_scale00,x7,x9,0.701,-0.018832034552520784,False,True,True
linear_obserr_scale00,x7,x10,0.266,0.13523641301771439,True,True,True
linear_obserr_scale00,x7,x11,0.646,-0.09404277048751519,False,True,True
linear_obserr_scale00,x7,x12,0.483,-0.10810543146219283,True,True,True
linear_obserr_scale00,x7,x13,0.508,-0.025156340398356295,False,True,True
linear_obserr_scale00,x7,x14,0.395,-0.056416675531857405,True,True,True
linear_obserr_scale00,x7,x15,0.633,0.1965419677423548,False,True,True
linear_obserr_scale00,x7,x16,0.447,0.03382904858589954,True,True,True
linear_obserr_scale00,x7,x17,0.593,0.0957549988817906,False,True,True
linear_obserr_scale00,x7,x18,0.513,0.1822661483968254,False,True,True
linear_obserr_scale00,x7,x19,0.384,-0.08946825501118004,True,True,True
linear_obserr_scale00,x8,x9,0.4,0.031714205070884266,True,True,True
linear_obserr_scale00,x8,x10,0.0,0.022670428346720586,True,True,True
linear_obserr_scale00,x8,x11,0.549,-0.011925964197026828,False,True,True
linear_obserr_scale00,x8,x12,0.517,-0.05242778194144731,False,True,True
linear_obserr_scale00,x8,x13,0.238,-0.16333329708314234,True,True,True
linear_obserr_scale00,x8,x14,0.656,-0.11157906353465136,False,True,True
linear_obserr_scale00,x8,x15,0.801,0.13016327812237996,False,True,True
linear_obserr_scale00,x8,x16,0.318,0.013882984487426775,True,True,True
linear_obserr_scale00,x8,x17,0.565,-0.08275266152898555,False,True,True
linear_obserr_scale00,x8,x18,0.346,0.17028608284431385,True,True,True
linear_obserr_scale00,x8,x19,0.539,-0.151986202544576,False,True,True
linear_obserr_scale00,x9,x10,0.194,-0.024298107328123857,True,True,True
linear_obserr_scale00,x9,x11,0.889,-0.16542352019237763,False,True,True
linear_obserr_scale00,x9,x12,0.707,0.009937079295206663,False,True,True
linear_obserr_scale00,x9,x13,0.685,-0.0720790486137473,False,True,True
linear_obserr_scale00,x9,x14,0.634,-0.03270254685752445,False,True,True
linear_obserr_scale00,x9,x15,0.831,-0.0019260365761723118,False,True,True
linear_obserr_scale00,x9,x16,0.281,0.027489203236641273,True,True,True
linear_obserr_scale00,x9,x17,0.848,0.016511544424333335,False,True,True
linear_obserr_scale00,x9,x18,0.329,0.007044152671753708,True,True,True
linear_obserr_scale00,x9,x19,0.817,-0.10866795688826542,False,True,True
linear_obserr_scale00,x10,x11,0.38,0.02591920509667666,True,True,True
linear_obserr_scale00,x10,x12,0.286,0.0037353585853030177,True,True,True
linear_obserr_scale00,x10,x13,0.241,-0.03731809157250453,True,True,True
linear_obserr_scale00,x10,x14,0.34,-0.08016923578082287,True,True,True
linear_obserr_scale00,x10,x15,0.523,0.11631072399012077,False,True,True
linear_obserr_scale00,x10,x16,0.136,0.007375028430742742,True,True,True
linear_obserr_scale00,x10,x17,0.207,0.06377462828889562,True,True,True
linear_obserr_scale00,x10,x18,0.283,0.1620128761919579,True,True,True
linear_obserr_scale00,x10,x19,0.544,-0.16949758055671707,False,True,True
linear_obserr_scale00,x11,x12,0.3,0.08959572346053933,True,True,True
linear_obserr_scale00,x11,x13,0.759,0.06115578384726811,False,True,True
linear_obserr_scale00,x11,x14,0.405,0.08933067495581486,True,True,True
linear_obserr_scale00,x11,x15,0.7,-0.01036713733310163,False,True,True
linear_obserr_scale00,x11,x16,0.284,-0.003027714078241352,True,True,True
linear_obserr_scale00,x11,x17,0.351,-0.060967613664923564,True,True,True
linear_obserr_scale00,x11,x18,0.392,0.006498091468673768,True,True,True
linear_obserr_scale00,x11,x19,0.559,0.17541039944231068,False,True,True
linear_obserr_scale00,x12,x13,0.621,-0.0025172864391239456,False,True,True
linear_obserr_scale00,x12,x14,0.519,0.0520342381339813,False,True,True
linear_obserr_scale00,x12,x15,0.665,-0.09373791067438551,False,True,True
linear_obserr_scale00,x12,x16,0.166,-0.02527147823181124,True,True,True
linear_obserr_scale00,x12,x17,0.187,-0.060627966462483335,True,True,True
linear_obserr_scale00,x12,x18,0.22,-0.0883850462914645,True,True,True
linear_obserr_scale00,x12,x19,0.225,-0.03175244526666687,True,True,True
linear_obserr_scale00,x13,x14,0.407,-0.007378663026644999,True,True,True
linear_obserr_scale00,x13,x15,0.616,-0.18589836614482075,False,True,True
linear_obserr_scale00,x13,x16,0.739,0.08209346266315938,False,True,True
linear_obserr_scale00,x13,x17,0.428,-0.004453926824668918,True,True,True
linear_obserr_scale00,x13,x18,0.28,-0.11989753841691238,True,True,True
linear_obserr_scale00,x13,x19,0.897,0.1281115346331681,False,True,True
linear_obserr_scale00,x14,x15,0.413,-0.09083321801936323,True,True,True
linear_obserr_scale00,x14,x16,0.725,-0.08252276309662232,False,True,True
linear_obserr_scale00,x14,x17,0.253,0.07284919566843745,True,True,True
linear_obserr_scale00,x14,x18,0.353,-0.03935991665342353,True,True,True
linear_obserr_scale00,x14,x19,0.283,0.06502438374391954,True,True,True
linear_obserr_scale00,x15,x16,0.822,-0.019455457888503083,False,True,True
linear_obserr_scale00,x15,x17,0.486,0.028674958091238687,True,True,True
linear_obserr_scale00,x15,x18,0.363,0.2348756079125306,True,True,True
linear_obserr_scale00,x15,x19,0.783,-0.181447977753496,False,True,True
linear_obserr_scale00,x16,x17,0.322,0.08884462160129704,True,True,True
linear_obserr_scale00,x16,x18,0.089,0.04829254269118255,True,True,True
linear_obserr_scale00,x16,x19,0.232,-0.01700293820445786,True,True,True
linear_obserr_scale00,x17,x18,0.301,-0.046344494898168526,True,True,True
linear_obserr_scale00,x17,x19,0.687,-0.026609600464478137,False,True,True
linear_obserr_scale00,x18,x19,0.391,-0.20344326619694467,True,True,True
linear_obserr_scale00_strerr_y1_y3,x0,x1,0.424,-0.05389816670596989,True,True,True
linear_obserr_scale00_strerr_y1_y3,x0,x2,0.569,-0.03985712586034262,False,True,True
linear_obserr_scale00_strerr_y1_y3,x0,x3,0.287,0.11822824103074774,True,True,True
linear_obserr_scale00_strerr_y1_y3,x0,x4,0.977,-0.13703960312748162,False,False,False
linear_obserr_scale00_strerr_y1_y3,x0,x5,0.565,0.04053651951698617,False,True,True
linear_obserr_scale00_strerr_y1_y3,x0,x6,0.335,-0.0975421872905728,True,True,True
linear_obserr_scale00_strerr_y1_y3,x0,x7,0.676,-0.0010244851712199732,False,True,True
linear_obserr_scale00_strerr_y1_y3,x0,x8,0.507,0.11678690581513855,False,True,True
linear_obserr_scale00_strerr_y1_y3,x0,x9,0.368,-0.1400544387997017,True,True,True
linear_obserr_scale00_strerr_y1_y3,x0,x10,0.614,-0.14437295372482192,False,True,True
linear_obserr_scale00_strerr_y1_y3,x0,x11,0.635,0.08395068072673616,False,True,True
linear_obserr_scale00_strerr_y1_y3,x0,x12,0.415,-0.07478612882411372,True,True,True
linear_obserr_scale00_strerr_y1_y3,x0,x13,0.276,0.0065977182676643376,True,True,True
linear_obserr_scale00_strerr_y1_y3,x0,x14,0.428,0.07699880501612055,True,True,True
linear_obserr_scale00_strerr_y1_y3,x0,x15,0.845,0.04856641632065712,False,True,True
linear_obserr_scale00_strerr_y1_y3,x0,x16,0.628,-0.14422195349421718,False,True,True
linear_obserr_scale00_strerr_y1_y3,x0,x17,0.351,0.037394093364962924,True,True,True
linear_obserr_scale00_strerr_y1_y3,x0,x18,0.76,-0.07619277310231765,False,True,True
linear_obserr_scale00_strerr_y1_y3,x0,x19,0.196,0.14118956094969498,True,True,True
linear_obserr_scale00_strerr_y1_y3,x1,x2,0.424,0.05692654385910009,True,True,True
linear_obserr_scale00_strerr_y1_y3,x1,x3,0.079,0.04032011358372396,True,True,True
linear_obserr_scale00_strerr_y1_y3,x1,x4,0.969,-0.05291229315055022,False,False,False
linear_obserr_scale00_strerr_y1_y3,x1,x5,0.33,0.01564835916158735,True,True,True
linear_obserr_scale00_strerr_y1_y3,x1,x6,0.308,0.026926359578722154,True,True,True
linear_obserr_scale00_strerr_y1_y3,x1,x7,0.396,0.06586278437927584,True,True,True
linear_obserr_scale00_strerr_y1_y3,x1,x8,0.53,0.11904542591476891,False,True,True
linear_obserr_scale00_strerr_y1_y3,x1,x9,0.03,-0.00989194383473975,True,True,True
linear_obserr_scale00_strerr_y1_y3,x1,x10,0.324,0.03671247102166133,True,True,True
linear_obserr_scale00_strerr_y1_y3,x1,x11,0.571,0.0015327998294360958,False,True,True
linear_obserr_scale00_strerr_y1_y3,x1,x12,0.231,0.009738884149651246,True,True,True
linear_obserr_scale00_strerr_y1_y3,x1,x13,0.073,0.030732414797742674,True,True,True
linear_obserr_scale00_strerr_y1_y3,x1,x14,0.078,0.04206047853576008,True,True,True
linear_obserr_scale00_strerr_y1_y3,x1,x15,0.97,0.06052981247389828,False,False,False
linear_obserr_scale00_strerr_y1_y3,x1,x16,0.585,0.05171246834641445,False,True,True
linear_obserr_scale00_strerr_y1_y3,x1,x17,0.365,0.03156156836916661,True,True,True
linear_obserr_scale00_strerr_y1_y3,x1,x18,0.876,0.051877869477006906,False,True,True
linear_obserr_scale00_strerr_y1_y3,x1,x19,0.188,-0.06024822764802745,True,True,True
linear_obserr_scale00_strerr_y1_y3,x2,x3,0.502,0.04945679287372398,False,True,True
linear_obserr_scale00_strerr_y1_y3,x2,x4,0.968,-0.058809092474839494,False,False,False
linear_obserr_scale00_strerr_y1_y3,x2,x5,0.56,-0.026956379189288684,False,True,True
linear_obserr_scale00_strerr_y1_y3,x2,x6,0.425,0.007249608380863349,True,True,True
linear_obserr_scale00_strerr_y1_y3,x2,x7,0.453,0.12077067468215268,True,True,True
linear_obserr_scale00_strerr_y1_y3,x2,x8,0.711,-0.05168009495149169,False,True,True
linear_obserr_scale00_strerr_y1_y3,x2,x9,0.574,-0.14622990200387082,False,True,True
linear_obserr_scale00_strerr_y1_y3,x2,x10,0.529,0.09852258755156218,False,True,True
linear_obserr_scale00_strerr_y1_y3,x2,x11,0.72,-0.03861172530905332,False,True,True
linear_obserr_scale00_strerr_y1_y3,x2,x12,0.506,0.01570192497313756,False,True,True
linear_obserr_scale00_strerr_y1_y3,x2,x13,0.542,-0.02902860088289568,False,True,True
linear_obserr_scale00_strerr_y1_y3,x2,x14,0.305,0.08460404628667029,True,True,True
linear_obserr_scale00_strerr_y1_y3,x2,x15,0.896,-0.06555536026204736,False,True,True
linear_obserr_scale00_strerr_y1_y3,x2,x16,0.752,0.029977835704622056,False,True,True
linear_obserr_scale00_strerr_y1_y3,x2,x17,0.618,-0.0006364218869781782,False,True,True
linear_obserr_scale00_strerr_y1_y3,x2,x18,0.767,-0.003923453564027155,False,True,True
linear_obserr_scale00_strerr_y1_y3,x2,x19,0.585,-0.022149387131740556,False,True,True
linear_obserr_scale00_strerr_y1_y3,x3,x4,0.964,0.006927480209162716,False,False,False
linear_obserr_scale00_strerr_y1_y3,x3,x5,0.319,-0.0704554337393815,True,True,True
linear_obserr_scale00_strerr_y1_y3,x3,x6,0.083,0.015517763007983352,True,True,True
linear_obserr_scale00_strerr_y1_y3,x3,x7,0.239,-0.02095240712635279,True,True,True
linear_obserr_scale00_strerr_y1_y3,x3,x8,0.577,0.01273043006229496,False,True,True
linear_obserr_scale00_strerr_y1_y3,x3,x9,0.105,0.0015463606165287084,True,True,True
linear_obserr_scale00_strerr_y1_y3,x3,x10,0.15,0.062508062509879,True,True,True
linear_obserr_scale00_strerr_y1_y3,x3,x11,0.333,0.017307282001861674,True,True,True
linear_obserr_scale00_strerr_y1_y3,x3,x12,0.085,0.08076787025963378,True,True,True
linear_obserr_scale00_strerr_y1_y3,x3,x13,0.077,0.009890882807169148,True,True,True
linear_obserr_scale00_strerr_y1_y3,x3,x14,0.063,-0.05107684691051851,True,True,True
linear_obserr_scale00_strerr_y1_y3,x3,x15,0.765,-0.014919177205017911,False,True,True
linear_obserr_scale00_strerr_y1_y3,x3,x16,0.723,0.06896950064948576,False,True,True
linear_obserr_scale00_strerr_y1_y3,x3,x17,0.189,-0.007408167245122796,True,True,True
linear_obserr_scale00_strerr_y1_y3,x3,x18,0.675,-0.025476420394812075,False,True,True
linear_obserr_scale00_strerr_y1_y3,x3,x19,0.055,0.034759635075277844,True,True,True
linear_obserr_scale00_strerr_y1_y3,x4,x5,0.971,-0.03267497181464034,False,False,False
linear_obserr_scale00_strerr_y1_y3,x4,x6,0.971,-0.06220366757015541,False,False,False
linear_obserr_scale00_strerr_y1_y3,x4,x7,0.976,-0.01634872640991103,False,False,False
linear_obserr_scale00_strerr_y1_y3,x4,x8,0.972,0.025119442113452763,False,False,False
linear_obserr_scale00_strerr_y1_y3,x4,x9,0.968,0.013286356350167965,False,False,False
linear_obserr_scale00_strerr_y1_y3,x4,x10,0.958,0.04497117232524977,False,False,False
linear_obserr_scale00_strerr_y1_y3,x4,x11,0.969,-0.12873647070702762,False,False,False
linear_obserr_scale00_strerr_y1_y3,x4,x12,0.981,0.07501188595932255,False,False,False
linear_obserr_scale00_strerr_y1_y3,x4,x13,0.971,-0.0598204970152598,False,False,False
linear_obserr_scale00_strerr_y1_y3,x4,x14,0.968,-0.1467863522641863,False,False,False
linear_obserr_scale00_strerr_y1_y3,x4,x15,0.984,0.07560066529594826,False,False,False
linear_obserr_scale00_strerr_y1_y3,x4,x16,0.973,-0.016520093213132508,False,False,False
linear_obserr_scale00_strerr_y1_y3,x4,x17,0.97,0.1634391692565489,False,False,False
linear_obserr_scale00_strerr_y1_y3,x4,x18,0.97,-0.025315336281734487,False,False,False
linear_obserr_scale00_strerr_y1_y3,x4,x19,0.972,0.004183878114222492,False,False,False
linear_obserr_scale00_strerr_y1_y3,x5,x6,0.463,0.04297151150718084,True,True,True
linear_obserr_scale00_strerr_y1_y3,x5,x7,0.513,-0.0046543223742634195,False,True,True
linear_obserr_scale00_strerr_y1_y3,x5,x8,0.707,-0.005599524378512019,False,True,True
linear_obserr_scale00_strerr_y1_y3,x5,x9,0.278,-0.014207126774057442,True,True,True
linear_obserr_scale00_strerr_y1_y3,x5,x10,0.276,0.028158967626087737,True,True,True
linear_obserr_scale00_strerr_y1_y3,x5,x11,0.82,0.0701784676823362,False,True,True
linear_obserr_scale00_strerr_y1_y3,x5,x12,0.198,-0.03674616941367422,True,True,True
linear_obserr_scale00_strerr_y1_y3,x5,x13,0.331,0.10227616122554649,True,True,True
linear_obserr_scale00_strerr_y1_y3,x5,x14,0.169,0.07803570749527196,True,True,True
linear_obserr_scale00_strerr_y1_y3,x5,x15,0.976,0.04639143302272589,False,False,False
linear_obserr_scale00_strerr_y1_y3,x5,x16,0.842,-0.04902135032177251,False,True,True
linear_obserr_scale00_strerr_y1_y3,x5,x17,0.282,-0.09685857860151838,True,True,True
linear_obserr_scale00_strerr_y1_y3,x5,x18,0.799,0.038654962716259934,False,True,True
linear_obserr_scale00_strerr_y1_y3,x5,x19,0.495,0.07106850564456198,True,True,True
linear_obserr_scale00_strerr_y1_y3,x6,x7,0.476,0.06325408793300075,True,True,True
linear_obserr_scale00_strerr_y1_y3,x6,x8,0.508,-0.07773394048564865,False,True,True
linear_obserr_scale00_strerr_y1_y3,x6,x9,0.221,-0.05153611204652757,True,True,True
linear_obserr_scale00_strerr_y1_y3,x6,x10,0.336,0.016848045478187364,True,True,True
linear_obserr_scale00_strerr_y1_y3,x6,x11,0.414,0.025232166431018346,True,True,True
linear_obserr_scale00_strerr_y1_y3,x6,x12,0.28,0.061944665570423135,True,True,True
linear_obserr_scale00_strerr_y1_y3,x6,x13,0.36,0.050389851816723556,True,True,True
linear_obserr_scale00_strerr_y1_y3,x6,x14,0.254,-0.03633535626637485,True,True,True
linear_obserr_scale00_strerr_y1_y3,x6,x15,0.858,0.054177615802397175,False,True,True
linear_obserr_scale00_strerr_y1_y3,x6,x16,0.865,0.08405687724337232,False,True,True
linear_obserr_scale00_strerr_y1_y3,x6,x17,0.134,0.02209327123522334,True,True,True
linear_obserr_scale00_strerr_y1_y3,x6,x18,0.674,0.12732956325096983,False,True,True
linear_obserr_scale00_strerr_y1_y3,x6,x19,0.092,-0.10580606897666078,True,True,True
linear_obserr_scale00_strerr_y1_y3,x7,x8,0.745,-0.01006292244017072,False,True,True
linear_obserr_scale00_strerr_y1_y3,x7,x9,0.342,0.004513002133730552,True,True,True
linear_obserr_scale00_strerr_y1_y3,x7,x10,0.581,0.02916764694208397,False,True,True
linear_obserr_scale00_strerr_y1_y3,x7,x11,0.624,-0.04545741686251636,False,True,True
linear_obserr_scale00_strerr_y1_y3,x7,x12,0.33,-0.05500959378934618,True,True,True
linear_obserr_scale00_strerr_y1_y3,x7,x13,0.309,-0.059276512779858355,True,True,True
linear_obserr_scale00_strerr_y1_y3,x7,x14,0.161,0.024626254850293607,True,True,True
linear_obserr_scale00_strerr_y1_y3,x7,x15,0.965,-0.05686001668944067,False,False,False
linear_obserr_scale00_strerr_y1_y3,x7,x16,0.787,-0.010673570346740184,False,True,True
linear_obserr_scale00_strerr_y1_y3,x7,x17,0.59,0.02755242357553906,False,True,True
linear_obserr_scale00_strerr_y1_y3,x7,x18,0.775,0.06305334578124892,False,True,True
linear_obserr_scale00_strerr_y1_y3,x7,x19,0.354,0.09347614185404371,True,True,True
linear_obserr_scale00_strerr_y1_y3,x8,x9,0.391,0.08191785964789554,True,True,True
linear_obserr_scale00_strerr_y1_y3,x8,x10,0.611,0.04489880649833968,False,True,True
linear_obserr_scale00_strerr_y1_y3,x8,x11,0.88,0.06270909389577708,False,True,True
linear_obserr_scale00_strerr_y1_y3,x8,x12,0.421,0.034167351116944134,True,True,True
linear_obserr_scale00_strerr_y1_y3,x8,x13,0.552,0.008272976644120451,False,True,True
linear_obserr_scale00_strerr_y1_y3,x8,x14,0.503,0.03826233243111031,False,True,True
linear_obserr_scale00_strerr_y1_y3,x8,x15,0.961,0.08816490491568686,False,False,False
linear_obserr_scale00_strerr_y1_y3,x8,x16,0.929,-0.07168598076495265,False,False,True
linear_obserr_scale00_strerr_y1_y3,x8,x17,0.489,-0.07803444296565791,True,True,True
linear_obserr_scale00_strerr_y1_y3,x8,x18,0.921,-0.10196528551779024,False,False,True
linear_obserr_scale00_strerr_y1_y3,x8,x19,0.844,0.10687122392905414,False,True,True
linear_obserr_scale00_strerr_y1_y3,x9,x10,0.134,-0.014379083573232712,True,True,True
linear_obserr_scale00_strerr_y1_y3,x9,x11,0.388,-0.026731646414938758,True,True,True
linear_obserr_scale00_strerr_y1_y3,x9,x12,0.166,-0.009943380563930914,True,True,True
linear_obserr_scale00_strerr_y1_y3,x9,x13,0.124,0.05669916283516628,True,True,True
linear_obserr_scale00_strerr_y1_y3,x9,x14,0.046,-0.03244452387121963,True,True,True
linear_obserr_scale00_strerr_y1_y3,x9,x15,0.768,0.013087655626356574,False,True,True
linear_obserr_scale00_strerr_y1_y3,x9,x16,0.502,0.025342415607589264,False,True,True
linear_obserr_scale00_strerr_y1_y3,x9,x17,0.173,-0.06751528036074787,True,True,True
linear_obserr_scale00_strerr_y1_y3,x9,x18,0.825,-0.04046037682271595,False,True,True
linear_obserr_scale00_strerr_y1_y3,x9,x19,0.238,0.07934185708940124,True,True,True
linear_obserr_scale00_strerr_y1_y3,x10,x11,0.516,-0.06140031783471628,False,True,True
linear_obserr_scale00_strerr_y1_y3,x10,x12,0.379,0.06049533459699346,True,True,True
linear_obserr_scale00_strerr_y1_y3,x10,x13,0.54,-0.029734941649145336,False,True,True
linear_obserr_scale00_strerr_y1_y3,x10,x14,0.066,0.06800697356981213,True,True,True
linear_obserr_scale00_strerr_y1_y3,x10,x15,0.923,0.029438636619269085,False,False,True
linear_obserr_scale00_strerr_y1_y3,x10,x16,0.685,0.068189178480178,False,True,True
linear_obserr_scale00_strerr_y1_y3,x10,x17,0.386,-0.0006823775954675317,True,True,True
linear_obserr_scale00_strerr_y1_y3,x10,x18,0.825,-0.03521767397093283,False,True,True
linear_obserr_scale00_strerr_y1_y3,x10,x19,0.194,-0.057099516606703656,True,True,True
linear_obserr_scale00_strerr_y1_y3,x11,x12,0.584,0.027863886865415525,False,True,True
linear_obserr_scale00_strerr_y1_y3,x11,x13,0.6,-0.04248279402786034,False,True,True
linear_obserr_scale00_strerr_y1_y3,x11,x14,0.496,0.014192611781352485,True,True,True
linear_obserr_scale00_strerr_y1_y3,x11,x15,0.965,-0.0008377151513932848,False,False,False
linear_obserr_scale00_strerr_y1_y3,x11,x16,0.917,-0.029165274367300084,False,False,True
linear_obserr_scale00_strerr_y1_y3,x11,x17,0.623,-0.04118148774234475,False,True,True
linear_obserr_scale00_strerr_y1_y3,x11,x18,0.857,-0.047241871675618496,False,True,True
linear_obserr_scale00_strerr_y1_y3,x11,x19,0.765,-0.008139553313820342,False,True,True
linear_obserr_scale00_strerr_y1_y3,x12,x13,0.166,-0.09365518304322284,True,True,True
linear_obserr_scale00_strerr_y1_y3,x12,x14,0.251,-0.004150091684424597,True,True,True
linear_obserr_scale00_strerr_y1_y3,x12,x15,0.947,-0.0684174918771071,False,False,True
linear_obserr_scale00_strerr_y1_y3,x12,x16,0.476,-0.0398662398491335,True,True,True
linear_obserr_scale00_strerr_y1_y3,x12,x17,0.241,-0.11880227913274696,True,True,True
linear_obserr_scale00_strerr_y1_y3,x12,x18,0.682,0.00010240396712953755,False,True,True
linear_obserr_scale00_strerr_y1_y3,x12,x19,0.084,-0.014892453972819719,True,True,True
linear_obserr_scale00_strerr_y1_y3,x13,x14,0.29,-0.03011468547972984,True,True,True
linear_obserr_scale00_strerr_y1_y3,x13,x15,0.944,0.07141212710047128,False,False,True
linear_obserr_scale00_strerr_y1_y3,x13,x16,0.628,0.003852046692565747,False,True,True
linear_obserr_scale00_strerr_y1_y3,x13,x17,0.58,0.008977810618400086,False,True,True
linear_obserr_scale00_strerr_y1_y3,x13,x18,0.807,0.027175996922911602,False,True,True
linear_obserr_scale00_strerr_y1_y3,x13,x19,0.058,-0.016358774534790853,True,True,True
linear_obserr_scale00_strerr_y1_y3,x14,x15,0.885,-0.05967544546373394,False,True,True
linear_obserr_scale00_strerr_y1_y3,x14,x16,0.659,-0.0017188934584606815,False,True,True
linear_obserr_scale00_strerr_y1_y3,x14,x17,0.056,-0.1345250123852263,True,True,True
linear_obserr_scale00_strerr_y1_y3,x14,x18,0.845,0.04723647913520173,False,True,True
linear_obserr_scale00_strerr_y1_y3,x14,x19,0.276,1.2332589614131226e-05,True,True,True
linear_obserr_scale00_strerr_y1_y3,x15,x16,0.933,-0.0021672669735911367,False,False,True
linear_obserr_scale00_strerr_y1_y3,x15,x17,0.929,0.030998477155595637,False,False,True
linear_obserr_scale00_strerr_y1_y3,x15,x18,0.98,0.020993709400823183,False,False,False
linear_obserr_scale00_strerr_y1_y3,x15,x19,0.932,0.07962556039511005,False,False,True
linear_obserr_scale00_strerr_y1_y3,x16,x17,0.798,0.013430493949410338,False,True,True
linear_obserr_scale00_strerr_y1_y3,x16,x18,0.89,0.13549260026613222,False,True,True
linear_obserr_scale00_strerr_y1_y3,x16,x19,0.678,-0.1006478709994206,False,True,True
linear_obserr_scale00_strerr_y1_y3,x17,x18,0.734,0.0946247856796213,False,True,True
linear_obserr_scale00_strerr_y1_y3,x17,x19,0.231,0.03249864508857387,True,True,True
linear_obserr_scale00_strerr_y1_y3,x18,x19,0.766,-0.031078931342989273,False,True,True
linear_obserr_scale00_strerr_y20_y25_y29,x0,x1,0.319,-0.043483194840992716,True,True,True
linear_obserr_scale00_strerr_y20_y25_y29,x0,x2,0.361,0.03952233386826407,True,True,True
linear_obserr_scale00_strerr_y20_y25_y29,x0,x3,0.358,0.08734606359067214,True,True,True
linear_obserr_scale00_strerr_y20_y25_y29,x0,x4,0.979,-0.14538784306174768,False,False,False
linear_obserr_scale00_strerr_y20_y25_y29,x0,x5,0.412,0.05299518556136874,True,True,True
linear_obserr_scale00_strerr_y20_y25_y29,x0,x6,0.498,-0.012907415554213505,True,True,True
linear_obserr_scale00_strerr_y20_y25_y29,x0,x7,0.655,-0.016897954188789782,False,True,True
linear_obserr_scale00_strerr_y20_y25_y29,x0,x8,0.528,0.03670811988181804,False,True,True
linear_obserr_scale00_strerr_y20_y25_y29,x0,x9,0.413,-0.1478227100621691,True,True,True
linear_obserr_scale00_strerr_y20_y25_y29,x0,x10,0.665,-0.11034829518882401,False,True,True
linear_obserr_scale00_strerr_y20_y25_y29,x0,x11,0.664,0.06557652440230605,False,True,True
linear_obserr_scale00_strerr_y20_y25_y29,x0,x12,0.335,-0.08567022538409585,True,True,True
linear_obserr_scale00_strerr_y20_y25_y29,x0,x13,0.059,0.05048194822737175,True,True,True
linear_obserr_scale00_strerr_y20_y25_y29,x0,x14,0.365,0.04511381200113083,True,True,True
linear_obserr_scale00_strerr_y20_y25_y29,x0,x15,0.738,0.026201685988681243,False,True,True
linear_obserr_scale00_strerr_y20_y25_y29,x0,x16,0.621,-0.11674689289032833,False,True,True
linear_obserr_scale00_strerr_y20_y25_y29,x0,x17,0.38,0.07805103735093924,True,True,True
linear_obserr_scale00_strerr_y20_y25_y29,x0,x18,0.651,-0.011863291585876316,False,True,True
linear_obserr_scale00_strerr_y20_y25_y29,x0,x19,0.188,0.0897372596498124,True,True,True
linear_obserr_scale00_strerr_y20_y25_y29,x1,x2,0.264,-0.02258617051543494,True,True,True
linear_obserr_scale00_strerr_y20_y25_y29,x1,x3,0.009,0.05858084454519824,True,True,True
linear_obserr_scale00_strerr_y20_y25_y29,x1,x4,0.965,-0.08540067631561463,False,False,False
linear_obserr_scale00_strerr_y20_y25_y29,x1,x5,0.047,0.0298117185136652,True,True,True
linear_obserr_scale00_strerr_y20_y25_y29,x1,x6,0.526,-0.034349069669682424,False,True,True
linear_obserr_scale00_strerr_y20_y25_y29,x1,x7,0.235,-0.036106872263821255,True,True,True
linear_obserr_scale00_strerr_y20_y25_y29,x1,x8,0.14,0.06386681049770403,True,True,True
linear_obserr_scale00_strerr_y20_y25_y29,x1,x9,0.025,-0.01129477571000115,True,True,True
linear_obserr_scale00_strerr_y20_y25_y29,x1,x10,0.599,-0.0676136005225279,False,True,True
linear_obserr_scale00_strerr_y20_y25_y29,x1,x11,0.518,-0.03375014451488194,False,True,True
linear_obserr_scale00_strerr_y20_y25_y29,x1,x12,0.095,-0.03682688149151073,True,True,True
linear_obserr_scale00_strerr_y20_y25_y29,x1,x13,0.078,-0.010633047123463905,True,True,True
linear_obserr_scale00_strerr_y20_y25_y29,x1,x14,0.074,0.053691663037778115,True,True,True
linear_obserr_scale00_strerr_y20_y25_y29,x1,x15,0.928,0.06629170246681351,False,False,True
linear_obserr_scale00_strerr_y20_y25_y29,x1,x16,0.663,-0.036157206062658105,False,True,True
linear_obserr_scale00_strerr_y20_y25_y29,x1,x17,0.189,0.03211713287597577,True,True,True
linear_obserr_scale00_strerr_y20_y25_y29,x1,x18,0.809,-0.011220816049678832,False,True,True
linear_obserr_scale00_strerr_y20_y25_y29,x1,x19,0.131,-0.12316468633725766,True,True,True
linear_obserr_scale00_strerr_y20_y25_y29,x2,x3,0.352,0.09228572325414856,True,True,True
linear_obserr_scale00_strerr_y20_y25_y29,x2,x4,0.96,-0.06842239700115864,False,False,False
linear_obserr_scale00_strerr_y20_y25_y29,x2,x5,0.249,0.07097194171112171,True,True,True
linear_obserr_scale00_strerr_y20_y25_y29,x2,x6,0.441,-0.07060788662353235,True,True,True
linear_obserr_scale00_strerr_y20_y25_y29,x2,x7,0.352,0.08503427147439784,True,True,True
linear_obserr_scale00_strerr_y20_y25_y29,x2,x8,0.414,-0.01665828050967988,True,True,True
linear_obserr_scale00_strerr_y20_y25_y29,x2,x9,0.553,-0.14740775051035507,False,True,True
linear_obserr_scale00_strerr_y20_y25_y29,x2,x10,0.624,0.06562455844920068,False,True,True
linear_obserr_scale00_strerr_y20_y25_y29,x2,x11,0.769,-0.04835366551614285,False,True,True
linear_obserr_scale00_strerr_y20_y25_y29,x2,x12,0.33,0.008635479290220202,True,True,True
linear_obserr_scale00_strerr_y20_y25_y29,x2,x13,0.031,0.046954499706908265,True,True,True
linear_obserr_scale00_strerr_y20_y25_y29,x2,x14,0.296,0.020473076117122086,True,True,True
linear_obserr_scale00_strerr_y20_y25_y29,x2,x15,0.822,-0.0672926007751496,False,True,True
linear_obserr_scale00_strerr_y20_y25_y29,x2,x16,0.75,-0.0060247335828968055,False,True,True
linear_obserr_scale00_strerr_y20_y25_y29,x2,x17,0.419,0.006494627662033957,True,True,True
linear_obserr_scale00_strerr_y20_y25_y29,x2,x18,0.674,-0.041198596055481825,False,True,True
linear_obserr_scale00_strerr_y20_y25_y29,x2,x19,0.624,0.06401581567582448,False,True,True
linear_obserr_scale00_strerr_y20_y25_y29,x3,x4,0.963,0.0415007113350346,False,False,False
linear_obserr_scale00_strerr_y20_y25_y29,x3,x5,0.233,-0.03659138307161887,True,True,True
linear_obserr_scale00_strerr_y20_y25_y29,x3,x6,0.324,0.0725361015126393,True,True,True
linear_obserr_scale00_strerr_y20_y25_y29,x3,x7,0.137,0.023304974533092344,True,True,True
linear_obserr_scale00_strerr_y20_y25_y29,x3,x8,0.286,0.040833799991671825,True,True,True
linear_obserr_scale00_strerr_y20_y25_y29,x3,x9,0.087,-0.05473691474463239,True,True,True
linear_obserr_scale00_strerr_y20_y25_y29,x3,x10,0.357,-0.004219105901780716,True,True,True
linear_obserr_scale00_strerr_y20_y25_y29,x3,x11,0.479,-0.008062253528765164,True,True,True
linear_obserr_scale00_strerr_y20_y25_y29,x3,x12,0.047,0.10105978204856911,True,True,True
linear_obserr_scale00_strerr_y20_y25_y29,x3,x13,0.0,0.05160068169897637,True,True,True
linear_obserr_scale00_strerr_y20_y25_y29,x3,x14,0.364,0.025207875209411645,True,True,True
linear_obserr_scale00_strerr_y20_y25_y29,x3,x15,0.768,0.01765470987056297,False,True,True
linear_obserr_scale00_strerr_y20_y25_y29,x3,x16,0.356,-0.07358113857562606,True,True,True
linear_obserr_scale00_strerr_y20_y25_y29,x3,x17,0.298,0.09506858012165982,True,True,True
linear_obserr_scale00_strerr_y20_y25_y29,x3,x18,0.518,0.02804613638639644,False,True,True
linear_obserr_scale00_strerr_y20_y25_y29,x3,x19,0.06,0.08688610365169604,True,True,True
linear_obserr_scale00_strerr_y20_y25_y29,x4,x5,0.974,-0.1433978576006786,False,False,False
linear_obserr_scale00_strerr_y20_y25_y29,x4,x6,0.966,-0.048175194046024945,False,False,False
linear_obserr_scale00_strerr_y20_y25_y29,x4,x7,0.972,0.05716896132844432,False,False,False
linear_obserr_scale00_strerr_y20_y25_y29,x4,x8,0.967,0.10965285693223265,False,False,False
linear_obserr_scale00_strerr_y20_y25_y29,x4,x9,0.961,0.06142535829422254,False,False,False
linear_obserr_scale00_strerr_y20_y25_y29,x4,x10,0.963,-0.04604539070378552,False,False,False
linear_obserr_scale00_strerr_y20_y25_y29,x4,x11,0.964,-0.14751489472692783,False,False,False
linear_obserr_scale00_strerr_y20_y25_y29,x4,x12,0.964,0.08867425859556359,False,False,False
linear_obserr_scale00_strerr_y20_y25_y29,x4,x13,0.965,-0.07698239921115785,False,False,False
linear_obserr_scale00_strerr_y20_y25_y29,x4,x14,0.965,-0.09529009527417168,False,False,False
linear_obserr_scale00_strerr_y20_y25_y29,x4,x15,0.977,0.05332993550371265,False,False,False
linear_obserr_scale00_strerr_y20_y25_y29,x4,x16,0.967,-0.07186362234591648,False,False,False
linear_obserr_scale00_strerr_y20_y25_y29,x4,x17,0.966,0.1499368376359609,False,False,False
linear_obserr_scale00_strerr_y20_y25_y29,x4,x18,0.985,-0.07270155317118596,False,False,False
linear_obserr_scale00_strerr_y20_y25_y29,x4,x19,0.966,0.05839920124717363,False,False,False
linear_obserr_scale00_strerr_y20_y25_y29,x5,x6,0.58,-0.006689970549278696,False,True,True
linear_obserr_scale00_strerr_y20_y25_y29,x5,x7,0.08,-0.04686432975233857,True,True,True
linear_obserr_scale00_strerr_y20_y25_y29,x5,x8,0.099,0.041892227879915964,True,True,True
linear_obserr_scale00_strerr_y20_y25_y29,x5,x9,0.298,-0.02359845007526474,True,True,True
linear_obserr_scale00_strerr_y20_y25_y29,x5,x10,0.364,0.05531511270028211,True,True,True
linear_obserr_scale00_strerr_y20_y25_y29,x5,x11,0.736,0.011061171224956154,False,True,True
linear_obserr_scale00_strerr_y20_y25_y29,x5,x12,0.129,-0.03474162072617478,True,True,True
linear_obserr_scale00_strerr_y20_y25_y29,x5,x13,0.125,0.04808175687403663,True,True,True
linear_obserr_scale00_strerr_y20_y25_y29,x5,x14,0.318,-0.011658076675025093,True,True,True
linear_obserr_scale00_strerr_y20_y25_y29,x5,x15,0.913,-0.0028914824592653878,False,False,True
linear_obserr_scale00_strerr_y20_y25_y29,x5,x16,0.724,-0.04415233591572678,False,True,True
linear_obserr_scale00_strerr_y20_y25_y29,x5,x17,0.375,-0.06458599425152851,True,True,True
linear_obserr_scale00_strerr_y20_y25_y29,x5,x18,0.58,-0.01941827369336133,False,True,True
linear_obserr_scale00_strerr_y20_y25_y29,x5,x19,0.161,-0.033767293546893486,True,True,True
linear_obserr_scale00_strerr_y20_y25_y29,x6,x7,0.71,0.039537539185294866,False,True,True
linear_obserr_scale00_strerr_y20_y25_y29,x6,x8,0.562,-0.04856014491613455,False,True,True
linear_obserr_scale00_strerr_y20_y25_y29,x6,x9,0.398,-0.06391364866674712,True,True,True
linear_obserr_scale00_strerr_y20_y25_y29,x6,x10,0.586,-0.0023509718208099303,False,True,True
linear_obserr_scale00_strerr_y20_y25_y29,x6,x11,0.775,-0.007886126178127187,False,True,True
linear_obserr_scale00_strerr_y20_y25_y29,x6,x12,0.505,0.030591918702331418,False,True,True
linear_obserr_scale00_strerr_y20_y25_y29,x6,x13,0.374,0.0746468336632835,True,True,True
linear_obserr_scale00_strerr_y20_y25_y29,x6,x14,0.565,-0.04503678206242784,False,True,True
linear_obserr_scale00_strerr_y20_y25_y29,x6,x15,0.869,0.02677518668258851,False,True,True
linear_obserr_scale00_strerr_y20_y25_y29,x6,x16,0.779,0.08807910968934443,False,True,True
linear_obserr_scale00_strerr_y20_y25_y29,x6,x17,0.604,0.012147748068782193,False,True,True
linear_obserr_scale00_strerr_y20_y25_y29,x6,x18,0.732,0.13462931932097877,False,True,True
linear_obserr_scale00_strerr_y20_y25_y29,x6,x19,0.217,-0.011863634319343936,True,True,True
linear_obserr_scale00_strerr_y20_y25_y29,x7,x8,0.611,-0.04131337799480917,False,True,True
linear_obserr_scale00_strerr_y20_y25_y29,x7,x9,0.391,-0.01605219406015212,True,True,True
linear_obserr_scale00_strerr_y20_y25_y29,x7,x10,0.824,0.04784808767903178,False,True,True
linear_obserr_scale00_strerr_y20_y25_y29,x7,x11,0.702,-0.05970035907798089,False,True,True
linear_obserr_scale00_strerr_y20_y25_y29,x7,x12,0.29,-0.006855845004911087,True,True,True
linear_obserr_scale00_strerr_y20_y25_y29,x7,x13,0.236,-0.05338553871475136,True,True,True
linear_obserr_scale00_strerr_y20_y25_y29,x7,x14,0.338,-0.07951274487245688,True,True,True
linear_obserr_scale00_strerr_y20_y25_y29,x7,x15,0.966,-0.0697282814434144,False,False,False
linear_obserr_scale00_strerr_y20_y25_y29,x7,x16,0.324,0.023970363110435093,True,True,True
linear_obserr_scale00_strerr_y20_y25_y29,x7,x17,0.425,-0.06610239550024449,True,True,True
linear_obserr_scale00_strerr_y20_y25_y29,x7,x18,0.764,0.03237251141987236,False,True,True
linear_obserr_scale00_strerr_y20_y25_y29,x7,x19,0.482,0.05399847529287641,True,True,True
linear_obserr_scale00_strerr_y20_y25_y29,x8,x9,0.273,0.09586786737510651,True,True,True
linear_obserr_scale00_strerr_y20_y25_y29,x8,x10,0.599,0.02187618866587363,False,True,True
linear_obserr_scale00_strerr_y20_y25_y29,x8,x11,0.852,0.024773320859635312,False,True,True
linear_obserr_scale00_strerr_y20_y25_y29,x8,x12,0.191,0.07027206909734729,True,True,True
linear_obserr_scale00_strerr_y20_y25_y29,x8,x13,0.074,0.006143634390467406,True,True,True
linear_obserr_scale00_strerr_y20_y25_y29,x8,x14,0.48,0.020917939096555763,True,True,True
linear_obserr_scale00_strerr_y20_y25_y29,x8,x15,0.956,0.04155642125215435,False,False,False
linear_obserr_scale00_strerr_y20_y25_y29,x8,x16,0.843,-0.10977387573647363,False,True,True
linear_obserr_scale00_strerr_y20_y25_y29,x8,x17,0.533,-0.02785466508130568,False,True,True
linear_obserr_scale00_strerr_y20_y25_y29,x8,x18,0.768,-0.015411198964592672,False,True,True
linear_obserr_scale00_strerr_y20_y25_y29,x8,x19,0.472,0.10967644475137883,True,True,True
linear_obserr_scale00_strerr_y20_y25_y29,x9,x10,0.228,0.08805837242154337,True,True,True
linear_obserr_scale00_strerr_y20_y25_y29,x9,x11,0.583,-0.027528264716686523,False,True,True
linear_obserr_scale00_strerr_y20_y25_y29,x9,x12,0.058,-0.0369292815040893,True,True,True
linear_obserr_scale00_strerr_y20_y25_y29,x9,x13,0.119,-0.07453347167136105,True,True,True
linear_obserr_scale00_strerr_y20_y25_y29,x9,x14,0.314,0.05080153715501097,True,True,True
linear_obserr_scale00_strerr_y20_y25_y29,x9,x15,0.872,0.08390079851641497,False,True,True
linear_obserr_scale00_strerr_y20_y25_y29,x9,x16,0.451,0.052590364567394396,True,True,True
linear_obserr_scale00_strerr_y20_y25_y29,x9,x17,0.255,-0.01865076303715202,True,True,True
linear_obserr_scale00_strerr_y20_y25_y29,x9,x18,0.811,0.027721340013787527,False,True,True
linear_obserr_scale00_strerr_y20_y25_y29,x9,x19,0.351,0.0639975053135618,True,True,True
linear_obserr_scale00_strerr_y20_y25_y29,x10,x11,0.711,-0.013021631926116986,False,True,True
linear_obserr_scale00_strerr_y20_y25_y29,x10,x12,0.388,-0.09764263013517815,True,True,True
linear_obserr_scale00_strerr_y20_y25_y29,x10,x13,0.682,-0.030486978842432875,False,True,True
linear_obserr_scale00_strerr_y20_y25_y29,x10,x14,0.632,-0.01167354039789276,False,True,True
linear_obserr_scale00_strerr_y20_y25_y29,x10,x15,0.946,-0.08453563320149955,False,False,True
linear_obserr_scale00_strerr_y20_y25_y29,x10,x16,0.72,0.08971587184813438,False,True,True
linear_obserr_scale00_strerr_y20_y25_y29,x10,x17,0.679,0.027567417443488954,False,True,True
linear_obserr_scale00_strerr_y20_y25_y29,x10,x18,0.894,-0.0057903643664629495,False,True,True
linear_obserr_scale00_strerr_y20_y25_y29,x10,x19,0.716,0.020024730176131662,False,True,True
linear_obserr_scale00_strerr_y20_y25_y29,x11,x12,0.603,0.08997804049711733,False,True,True
linear_obserr_scale00_strerr_y20_y25_y29,x11,x13,0.584,0.016452845133001825,False,True,True
linear_obserr_scale00_strerr_y20_y25_y29,x11,x14,0.611,0.040795467533173584,False,True,True
linear_obserr_scale00_strerr_y20_y25_y29,x11,x15,0.938,0.0073272240971508935,False,False,True
linear_obserr_scale00_strerr_y20_y25_y29,x11,x16,0.879,0.03602800908970082,False,True,True
linear_obserr_scale00_strerr_y20_y25_y29,x11,x17,0.597,-0.10696373252599009,False,True,True
linear_obserr_scale00_strerr_y20_y25_y29,x11,x18,0.939,-0.01690899623926729,False,False,True
linear_obserr_scale00_strerr_y20_y25_y29,x11,x19,0.838,-0.051361575218163764,False,True,True
linear_obserr_scale00_strerr_y20_y25_y29,x12,x13,0.048,-0.11861506477826339,True,True,True
linear_obserr_scale00_strerr_y20_y25_y29,x12,x14,0.356,0.02620077069215929,True,True,True
linear_obserr_scale00_strerr_y20_y25_y29,x12,x15,0.946,-0.10109288872208795,False,False,True
linear_obserr_scale00_strerr_y20_y25_y29,x12,x16,0.254,-0.07288621701186075,True,True,True
linear_obserr_scale00_strerr_y20_y25_y29,x12,x17,0.167,-0.1395574683453424,True,True,True
linear_obserr_scale00_strerr_y20_y25_y29,x12,x18,0.417,-0.022242140428423336,True,True,True
linear_obserr_scale00_strerr_y20_y25_y29,x12,x19,0.101,-0.031124872172700428,True,True,True
linear_obserr_scale00_strerr_y20_y25_y29,x13,x14,0.141,0.041553954593638975,True,True,True
linear_obserr_scale00_strerr_y20_y25_y29,x13,x15,0.914,0.005156896910743467,False,False,True
linear_obserr_scale00_strerr_y20_y25_y29,x13,x16,0.534,-0.002643210679633211,False,True,True
linear_obserr_scale00_strerr_y20_y25_y29,x13,x17,0.479,-0.029771849887768632,True,True,True
linear_obserr_scale00_strerr_y20_y25_y29,x13,x18,0.318,0.04550680236318067,True,True,True
linear_obserr_scale00_strerr_y20_y25_y29,x13,x19,0.0,0.005005968659724792,True,True,True
linear_obserr_scale00_strerr_y20_y25_y29,x14,x15,0.867,-0.04913876186482215,False,True,True
linear_obserr_scale00_strerr_y20_y25_y29,x14,x16,0.717,-0.003462425668267811,False,True,True
linear_obserr_scale00_strerr_y20_y25_y29,x14,x17,0.375,-0.07197709338529086,True,True,True
linear_obserr_scale00_strerr_y20_y25_y29,x14,x18,0.806,0.01752685121199647,False,True,True
linear_obserr_scale00_strerr_y20_y25_y29,x14,x19,0.476,0.015101222212184311,True,True,True
linear_obserr_scale00_strerr_y20_y25_y29,x15,x16,0.921,-0.043377386804989655,False,False,True
linear_obserr_scale00_strerr_y20_y25_y29,x15,x17,0.895,0.08507350629859191,False,True,True
linear_obserr_scale00_strerr_y20_y25_y29,x15,x18,0.975,0.02542467656330666,False,False,False
linear_obserr_scale00_strerr_y20_y25_y29,x15,x19,0.904,0.12695191895567243,False,False,True
linear_obserr_scale00_strerr_y20_y25_y29,x16,x17,0.594,-0.11803855536622157,False,True,True
linear_obserr_scale00_strerr_y20_y25_y29,x16,x18,0.716,0.1025013581862572,False,True,True
linear_obserr_scale00_strerr_y20_y25_y29,x16,x19,0.34,-0.08013609270376715,True,True,True
linear_obserr_scale00_strerr_y20_y25_y29,x17,x18,0.586,0.016913074242821957,False,True,True
linear_obserr_scale00_strerr_y20_y25_y29,x17,x19,0.429,0.08026094260394283,True,True,True
linear_obserr_scale00_strerr_y20_y25_y29,x18,x19,0.392,-0.041478055159989674,True,True,True
linear_obserr_scale02,x0,x1,0.844,0.00810868925806677,False,True,True
linear_obserr_scale02,x0,x2,0.389,-0.08720583262795074,True,True,True
linear_obserr_scale02,x0,x3,0.285,0.007532016875269732,True,True,True
linear_obserr_scale02,x0,x4,0.712,-0.009536022468153542,False,True,True
linear_obserr_scale02,x0,x5,0.728,0.10345833734631801,False,True,True
linear_obserr_scale02,x0,x6,0.526,0.031207369012102266,False,True,True
linear_obserr_scale02,x0,x7,0.867,0.020145592739361052,False,True,True
linear_obserr_scale02,x0,x8,0.876,0.04636154726978169,False,True,True
linear_obserr_scale02,x0,x9,0.899,0.0021531833281863964,False,True,True
linear_obserr_scale02,x0,x10,0.642,0.054616277614339466,False,True,True
linear_obserr_scale02,x0,x11,0.717,-0.024275072455118275,False,True,True
linear_obserr_scale02,x0,x12,0.523,-0.013386088970746978,False,True,True
linear_obserr_scale02,x0,x13,0.684,-0.022210578961264577,False,True,True
linear_obserr_scale02,x0,x14,0.469,-0.08580211382158437,True,True,True
linear_obserr_scale02,x0,x15,0.239,0.05581152157589374,True,True,True
linear_obserr_scale02,x0,x16,0.533,-0.04652918146335232,False,True,True
linear_obserr_scale02,x0,x17,0.782,0.05521195520375227,False,True,True
linear_obserr_scale02,x0,x18,0.802,-0.11663729099861125,False,True,True
linear_obserr_scale02,x0,x19,0.638,-0.005331007448777079,False,True,True
linear_obserr_scale02,x1,x2,0.432,0.07064794875909647,True,True,True
linear_obserr_scale02,x1,x3,0.515,0.012742423683379668,False,True,True
linear_obserr_scale02,x1,x4,0.478,0.06749155437740088,True,True,True
linear_obserr_scale02,x1,x5,0.761,0.002222954438343145,False,True,True
linear_obserr_scale02,x1,x6,0.581,0.08849712138152342,False,True,True
linear_obserr_scale02,x1,x7,0.878,0.08244012449477006,False,True,True
linear_obserr_scale02,x1,x8,0.847,-0.05637833336664343,False,True,True
linear_obserr_scale02,x1,x9,0.804,-0.04287874661107633,False,True,True
linear_obserr_scale02,x1,x10,0.763,-0.02031945592144732,False,True,True
linear_obserr_scale02,x1,x11,0.855,0.014581534702330866,False,True,True
linear_obserr_scale02,x1,x12,0.603,0.012779384054087227,False,True,True
linear_obserr_scale02,x1,x13,0.833,0.007620154073078982,False,True,True
linear_obserr_scale02,x1,x14,0.656,0.03880243649106391,False,True,True
linear_obserr_scale02,x1,x15,0.633,0.01639784317400449,False,True,True
linear_obserr_scale02,x1,x16,0.451,-0.02554813436567167,True,True,True
linear_obserr_scale02,x1,x17,0.785,-0.08846338514115407,False,True,True
linear_obserr_scale02,x1,x18,0.67,-0.003120695046935325,False,True,True
linear_obserr_scale02,x1,x19,0.678,0.10080761323140938,False,True,True
linear_obserr_scale02,x2,x3,0.001,-0.03026686348326584,True,True,True
linear_obserr_scale02,x2,x4,0.097,-0.02983343450135826,True,True,True
linear_obserr_scale02,x2,x5,0.307,-0.022523774315728377,True,True,True
linear_obserr_scale02,x2,x6,0.04,-0.015437643544195991,True,True,True
linear_obserr_scale02,x2,x7,0.756,0.02017162962792254,False,True,True
linear_obserr_scale02,x2,x8,0.78,-0.010324871340411677,False,True,True
linear_obserr_scale02,x2,x9,0.909,-0.07510693006095993,False,False,True
linear_obserr_scale02,x2,x10,0.154,-0.20137516163724523,True,True,True
linear_obserr_scale02,x2,x11,0.627,-0.08489711819034836,False,True,True
linear_obserr_scale02,x2,x12,0.03,0.07604326467985487,True,True,True
linear_obserr_scale02,x2,x13,0.534,-0.06168128221672587,False,True,True
linear_obserr_scale02,x2,x14,0.2,0.09742860200547533,True,True,True
linear_obserr_scale02,x2,x15,0.0,-0.13238489277130366,True,True,True
linear_obserr_scale02,x2,x16,0.124,0.06451838703447672,True,True,True
linear_obserr_scale02,x2,x17,0.084,0.06113162555229551,True,True,True
linear_obserr_scale02,x2,x18,0.331,-0.017970298746487427,True,True,True
linear_obserr_scale02,x2,x19,0.468,-0.07339793516171092,True,True,True
linear_obserr_scale02,x3,x4,0.077,0.011274519643521178,True,True,True
linear_obserr_scale02,x3,x5,0.328,0.008555366520576745,True,True,True
linear_obserr_scale02,x3,x6,0.038,0.06342753012151779,True,True,True
linear_obserr_scale02,x3,x7,0.763,0.039151108015340094,False,True,True
linear_obserr_scale02,x3,x8,0.778,0.013864235309160177,False,True,True
linear_obserr_scale02,x3,x9,0.854,-0.02961664944382345,False,True,True
linear_obserr_scale02,x3,x10,0.355,-0.06608186931065617,True,True,True
linear_obserr_scale02,x3,x11,0.366,-0.13929116586106274,True,True,True
linear_obserr_scale02,x3,x12,0.223,-0.08876946797854088,True,True,True
linear_obserr_scale02,x3,x13,0.187,-0.0546864692809287,True,True,True
linear_obserr_scale02,x3,x14,0.005,0.06701578926414133,True,True,True
linear_obserr_scale02,x3,x15,0.029,-0.05658793327912508,True,True,True
linear_obserr_scale02,x3,x16,0.063,0.08128877693153289,True,True,True
linear_obserr_scale02,x3,x17,0.068,0.09774854351644133,True,True,True
linear_obserr_scale02,x3,x18,0.423,0.04329221819488146,True,True,True
linear_obserr_scale02,x3,x19,0.118,0.047746439227387555,True,True,True
linear_obserr_scale02,x4,x5,0.656,0.07074171263508626,False,True,True
linear_obserr_scale02,x4,x6,0.0,-0.0032493904769345036,True,True,True
linear_obserr_scale02,x4,x7,0.782,-0.0859696335052692,False,True,True
linear_obserr_scale02,x4,x8,0.856,-0.1186213447499827,False,True,True
linear_obserr_scale02,x4,x9,0.815,-0.13962184545145367,False,True,True
linear_obserr_scale02,x4,x10,0.29,0.03338536299729706,True,True,True
linear_obserr_scale02,x4,x11,0.213,-0.036982273654164004,True,True,True
linear_obserr_scale02,x4,x12,0.098,-0.014679727616442569,True,True,True
linear_obserr_scale02,x4,x13,0.351,-0.14497291456392825,True,True,True
linear_obserr_scale02,x4,x14,0.226,0.004033475823149941,True,True,True
linear_obserr_scale02,x4,x15,0.025,0.0205951473810581,True,True,True
linear_obserr_scale02,x4,x16,0.0,0.06533500076409736,True,True,True
linear_obserr_scale02,x4,x17,0.336,0.02556734151760954,True,True,True
linear_obserr_scale02,x4,x18,0.331,0.04826735537848089,True,True,True
linear_obserr_scale02,x4,x19,0.548,0.1643355743976796,False,True,True
linear_obserr_scale02,x5,x6,0.77,-0.12801434991017088,False,True,True
linear_obserr_scale02,x5,x7,0.832,0.027402597506401942,False,True,True
linear_obserr_scale02,x5,x8,0.901,0.018135868519843692,False,False,True
linear_obserr_scale02,x5,x9,0.964,-0.05253078004147522,False,False,False
linear_obserr_scale02,x5,x10,0.72,-0.03391610352028243,False,True,True
linear_obserr_scale02,x5,x11,0.712,-0.09210200843019785,False,True,True
linear_obserr_scale02,x5,x12,0.611,0.039309570270982606,False,True,True
linear_obserr_scale02,x5,x13,0.556,-0.061679156350651194,False,True,True
linear_obserr_scale02,x5,x14,0.638,0.019770319155986347,False,True,True
linear_obserr_scale02,x5,x15,0.424,-0.10549232089599937,True,True,True
linear_obserr_scale02,x5,x16,0.584,0.1012253508905301,False,True,True
linear_obserr_scale02,x5,x17,0.673,0.1031359524445023,False,True,True
linear_obserr_scale02,x5,x18,0.435,-0.010647273643843594,True,True,True
linear_obserr_scale02,x5,x19,0.415,-0.02995075398531015,True,True,True
linear_obserr_scale02,x6,x7,0.823,-0.07381905442026716,False,True,True
linear_obserr_scale02,x6,x8,0.867,-0.1016022824731294,False,True,True
linear_obserr_scale02,x6,x9,0.775,0.10731937139918594,False,True,True
linear_obserr_scale02,x6,x10,0.378,0.04322291101108047,True,True,True
linear_obserr_scale02,x6,x11,0.402,-0.07327989316873881,True,True,True
linear_obserr_scale02,x6,x12,0.123,-0.04725089610174401,True,True,True
linear_obserr_scale02,x6,x13,0.4,0.0503792604338981,True,True,True
linear_obserr_scale02,x6,x14,0.274,0.055498849037822734,True,True,True
linear_obserr_scale02,x6,x15,0.004,-0.028440831453644122,True,True,True
linear_obserr_scale02,x6,x16,0.044,-0.024418453128998395,True,True,True
linear_obserr_scale02,x6,x17,0.55,0.07980400987302592,False,True,True
linear_obserr_scale02,x6,x18,0.587,-0.04138530900337237,False,True,True
linear_obserr_scale02,x6,x19,0.309,0.022849110758777002,True,True,True
linear_obserr_scale02,x7,x8,0.91,-0.007228467441079304,False,False,True
linear_obserr_scale02,x7,x9,0.926,0.022583658396767858,False,False,True
linear_obserr_scale02,x7,x10,0.85,-0.028198856826817262,False,True,True
linear_obserr_scale02,x7,x11,0.819,-0.052434004652348896,False,True,True
linear_obserr_scale02,x7,x12,0.823,-0.0077580297084637205,False,True,True
linear_obserr_scale02,x7,x13,0.827,-0.01786239623257266,False,True,True
linear_obserr_scale02,x7,x14,0.891,-0.07855266932500223,False,True,True
linear_obserr_scale02,x7,x15,0.832,0.162370784250852,False,True,True
linear_obserr_scale02,x7,x16,0.782,0.04520310806354566,False,True,True
linear_obserr_scale02,x7,x17,0.828,0.0013446116904422569,False,True,True
linear_obserr_scale02,x7,x18,0.774,0.008679558007814711,False,True,True
linear_obserr_scale02,x7,x19,0.825,-0.05156093993062235,False,True,True
linear_obserr_scale02,x8,x9,0.916,0.04537402829980814,False,False,True
linear_obserr_scale02,x8,x10,0.857,0.08167157479712447,False,True,True
linear_obserr_scale02,x8,x11,0.862,0.035520087588327746,False,True,True
linear_obserr_scale02,x8,x12,0.839,-0.006838225564947934,False,True,True
linear_obserr_scale02,x8,x13,0.893,-0.10595496287433079,False,True,True
linear_obserr_scale02,x8,x14,0.801,0.03395182312781629,False,True,True
linear_obserr_scale02,x8,x15,0.85,-0.0904040242260983,False,True,True
linear_obserr_scale02,x8,x16,0.79,0.08849723137896312,False,True,True
linear_obserr_scale02,x8,x17,0.799,-0.14732300904814938,False,True,True
linear_obserr_scale02,x8,x18,0.822,0.05525826003896286,False,True,True
linear_obserr_scale02,x8,x19,0.917,-0.11499002779232433,False,False,True
linear_obserr_scale02,x9,x10,0.92,0.05931898729430246,False,False,True
linear_obserr_scale02,x9,x11,0.691,0.10148376968268497,False,True,True
linear_obserr_scale02,x9,x12,0.773,0.06413051931778628,False,True,True
linear_obserr_scale02,x9,x13,0.639,-0.016551711233868747,False,True,True
linear_obserr_scale02,x9,x14,0.635,-0.032405676888996954,False,True,True
linear_obserr_scale02,x9,x15,0.944,0.03654687564385288,False,False,True
linear_obserr_scale02,x9,x16,0.575,0.03830420675723838,False,True,True
linear_obserr_scale02,x9,x17,0.843,-0.06675723189033866,False,True,True
linear_obserr_scale02,x9,x18,0.83,0.014014158609428914,False,True,True
linear_obserr_scale02,x9,x19,0.719,0.08671252045664056,False,True,True
linear_obserr_scale02,x10,x11,0.561,0.05717841257049314,False,True,True
linear_obserr_scale02,x10,x12,0.043,-0.045933660529605916,True,True,True
linear_obserr_scale02,x10,x13,0.569,0.03628644516449404,False,True,True
linear_obserr_scale02,x10,x14,0.417,-0.0019853690397154955,True,True,True
linear_obserr_scale02,x10,x15,0.447,0.10965353940217518,True,True,True
linear_obserr_scale02,x10,x16,0.458,-0.08136233182818102,True,True,True
linear_obserr_scale02,x10,x17,0.509,-0.04206505865651261,False,True,True
linear_obserr_scale02,x10,x18,0.706,0.015316383764054777,False,True,True
linear_obserr_scale02,x10,x19,0.663,0.003948904847629453,False,True,True
linear_obserr_scale02,x11,x12,0.49,-0.015457390553830832,True,True,True
linear_obserr_scale02,x11,x13,0.255,0.10536065534568809,True,True,True
linear_obserr_scale02,x11,x14,0.188,-0.0510360807860444,True,True,True
linear_obserr_scale02,x11,x15,0.494,0.04048958842828881,True,True,True
linear_obserr_scale02,x11,x16,0.128,-0.16660192305744065,True,True,True
linear_obserr_scale02,x11,x17,0.334,-0.04970933593128857,True,True,True
linear_obserr_scale02,x11,x18,0.611,-0.03355901617849538,False,True,True
linear_obserr_scale02,x11,x19,0.376,0.044287576959325614,True,True,True
linear_obserr_scale02,x12,x13,0.49,0.011162058885533024,True,True,True
linear_obserr_scale02,x12,x14,0.276,0.14318843330386097,True,True,True
linear_obserr_scale02,x12,x15,0.231,-0.11095301218462512,True,True,True
linear_obserr_scale02,x12,x16,0.175,-0.0395946071618843,True,True,True
linear_obserr_scale02,x12,x17,0.184,-0.04221041956262079,True,True,True
linear_obserr_scale02,x12,x18,0.624,-0.003385656587366153,False,True,True
linear_obserr_scale02,x12,x19,0.702,-0.10706093794740436,False,True,True
linear_obserr_scale02,x13,x14,0.209,0.004866236427921993,True,True,True
linear_obserr_scale02,x13,x15,0.406,0.11451591074524492,True,True,True
linear_obserr_scale02,x13,x16,0.254,-0.14600814309902296,True,True,True
linear_obserr_scale02,x13,x17,0.177,0.12344595146051801,True,True,True
linear_obserr_scale02,x13,x18,0.575,-0.015608082701494995,False,True,True
linear_obserr_scale02,x13,x19,0.449,0.032013522445921316,True,True,True
linear_obserr_scale02,x14,x15,0.65,-0.14426237824657345,False,True,True
linear_obserr_scale02,x14,x16,0.038,-0.038087186979749874,True,True,True
linear_obserr_scale02,x14,x17,0.056,-0.04881118986978804,True,True,True
linear_obserr_scale02,x14,x18,0.321,0.024353248557894665,True,True,True
linear_obserr_scale02,x14,x19,0.17,-0.10323293570753087,True,True,True
linear_obserr_scale02,x15,x16,0.099,-0.16335439496415047,True,True,True
linear_obserr_scale02,x15,x17,0.246,0.04858098086582269,True,True,True
linear_obserr_scale02,x15,x18,0.57,0.007679349280540481,False,True,True
linear_obserr_scale02,x15,x19,0.76,0.03454522759847278,False,True,True
linear_obserr_scale02,x16,x17,0.002,0.041054738917856534,True,True,True
linear_obserr_scale02,x16,x18,0.361,-0.0062672131762934215,True,True,True
linear_obserr_scale02,x16,x19,0.137,-0.00715096266584766,True,True,True
linear_obserr_scale02,x17,x18,0.587,-0.031028223059001096,False,True,True
linear_obserr_scale02,x17,x19,0.303,0.04573982962523175,True,True,True
linear_obserr_scale02,x18,x19,0.526,0.009526489690362567,False,True,True
linear_obserr_scale02_strerr_y1_y3,x0,x1,0.07,0.07499806396625532,True,True,True
linear_obserr_scale02_strerr_y1_y3,x0,x2,1.0,-0.4658188328433378,False,False,False
linear_obserr_scale02_strerr_y1_y3,x0,x3,0.302,-0.021698611354838512,True,True,True
linear_obserr_scale02_strerr_y1_y3,x0,x4,0.259,-0.06951422374917215,True,True,True
linear_obserr_scale02_strerr_y1_y3,x0,x5,0.585,0.05661171822568786,False,True,True
linear_obserr_scale02_strerr_y1_y3,x0,x6,0.531,0.03394645145827166,False,True,True
linear_obserr_scale02_strerr_y1_y3,x0,x7,0.156,-0.06095456892978465,True,True,True
linear_obserr_scale02_strerr_y1_y3,x0,x8,0.187,0.06576729302675231,True,True,True
linear_obserr_scale02_strerr_y1_y3,x0,x9,0.471,-0.08171107747049507,True,True,True
linear_obserr_scale02_strerr_y1_y3,x0,x10,0.316,0.13898883154686978,True,True,True
linear_obserr_scale02_strerr_y1_y3,x0,x11,0.308,0.13009872407313833,True,True,True
linear_obserr_scale02_strerr_y1_y3,x0,x12,0.338,-0.032755130857753875,True,True,True
linear_obserr_scale02_strerr_y1_y3,x0,x13,0.234,-0.012046874823758796,True,True,True
linear_obserr_scale02_strerr_y1_y3,x0,x14,0.309,-0.1486236882519319,True,True,True
linear_obserr_scale02_strerr_y1_y3,x0,x15,0.318,0.03173542881067188,True,True,True
linear_obserr_scale02_strerr_y1_y3,x0,x16,0.269,-0.017277109503746193,True,True,True
linear_obserr_scale02_strerr_y1_y3,x0,x17,0.301,-0.01571719513959112,True,True,True
linear_obserr_scale02_strerr_y1_y3,x0,x18,0.601,0.1305929481258561,False,True,True
linear_obserr_scale02_strerr_y1_y3,x0,x19,0.203,0.03529311668703248,True,True,True
linear_obserr_scale02_strerr_y1_y3,x1,x2,0.934,-0.24592761986927267,False,False,True
linear_obserr_scale02_strerr_y1_y3,x1,x3,0.238,-0.12220582903151728,True,True,True
linear_obserr_scale02_strerr_y1_y3,x1,x4,0.296,-0.013295056666578046,True,True,True
linear_obserr_scale02_strerr_y1_y3,x1,x5,0.154,0.16615008874762624,True,True,True
linear_obserr_scale02_strerr_y1_y3,x1,x6,0.402,0.04364433425679095,True,True,True
linear_obserr_scale02_strerr_y1_y3,x1,x7,0.095,0.005030997108891393,True,True,True
linear_obserr_scale02_strerr_y1_y3,x1,x8,0.054,0.057999695766501144,True,True,True
linear_obserr_scale02_strerr_y1_y3,x1,x9,0.176,-0.03059567789426598,True,True,True
linear_obserr_scale02_strerr_y1_y3,x1,x10,0.236,0.11210025873782967,True,True,True
linear_obserr_scale02_strerr_y1_y3,x1,x11,0.259,0.015403838267048718,True,True,True
linear_obserr_scale02_strerr_y1_y3,x1,x12,0.417,0.006795716330124195,True,True,True
linear_obserr_scale02_strerr_y1_y3,x1,x13,0.222,0.08883232725086389,True,True,True
linear_obserr_scale02_strerr_y1_y3,x1,x14,0.386,-0.0978212776034947,True,True,True
linear_obserr_scale02_strerr_y1_y3,x1,x15,0.355,0.061254978947661236,True,True,True
linear_obserr_scale02_strerr_y1_y3,x1,x16,0.331,-0.025483820526613143,True,True,True
linear_obserr_scale02_strerr_y1_y3,x1,x17,0.126,-0.08416806531469272,True,True,True
linear_obserr_scale02_strerr_y1_y3,x1,x18,0.438,0.023539563926892455,True,True,True
linear_obserr_scale02_strerr_y1_y3,x1,x19,0.255,-0.040752969047476426,True,True,True
linear_obserr_scale02_strerr_y1_y3,x2,x3,0.965,0.22003380303348938,False,False,False
linear_obserr_scale02_strerr_y1_y3,x2,x4,0.972,0.07694366626947446,False,False,False
linear_obserr_scale02_strerr_y1_y3,x2,x5,0.909,-0.10910752637848019,False,False,True
linear_obserr_scale02_strerr_y1_y3,x2,x6,0.978,-0.05266433523441534,False,False,False
linear_obserr_scale02_strerr_y1_y3,x2,x7,0.945,0.025075178725286095,False,False,True
linear_obserr_scale02_strerr_y1_y3,x2,x8,0.89,0.02585593658586577,False,True,True
linear_obserr_scale02_strerr_y1_y3,x2,x9,0.962,0.0075918888472631535,False,False,False
linear_obserr_scale02_strerr_y1_y3,x2,x10,0.984,-0.06346943768618724,False,False,False
linear_obserr_scale02_strerr_y1_y3,x2,x11,0.975,0.00820930268026505,False,False,False
linear_obserr_scale02_strerr_y1_y3,x2,x12,0.959,-0.005661516401385642,False,False,False
linear_obserr_scale02_strerr_y1_y3,x2,x13,0.934,-0.11295909627574134,False,False,True
linear_obserr_scale02_strerr_y1_y3,x2,x14,0.986,0.1985910538935314,False,False,False
linear_obserr_scale02_strerr_y1_y3,x2,x15,0.964,0.021131859227456088,False,False,False
linear_obserr_scale02_strerr_y1_y3,x2,x16,0.955,0.050550868266702666,False,False,False
linear_obserr_scale02_strerr_y1_y3,x2,x17,0.949,0.03165321757107911,False,False,True
linear_obserr_scale02_strerr_y1_y3,x2,x18,0.996,-0.07135046431548006,False,False,False
linear_obserr_scale02_strerr_y1_y3,x2,x19,0.955,-0.05671790101026685,False,False,False
linear_obserr_scale02_strerr_y1_y3,x3,x4,0.3,-0.23706779655327886,True,True,True
linear_obserr_scale02_strerr_y1_y3,x3,x5,0.051,-0.08714231257935379,True,True,True
linear_obserr_scale02_strerr_y1_y3,x3,x6,0.559,-0.06179731148984382,False,True,True
linear_obserr_scale02_strerr_y1_y3,x3,x7,0.076,0.0507964448307871,True,True,True
linear_obserr_scale02_strerr_y1_y3,x3,x8,0.203,-0.027285847557166374,True,True,True
linear_obserr_scale02_strerr_y1_y3,x3,x9,0.24,0.013425908094586155,True,True,True
linear_obserr_scale02_strerr_y1_y3,x3,x10,0.191,-0.10076659531204585,True,True,True
linear_obserr_scale02_strerr_y1_y3,x3,x11,0.161,-0.02505304681929975,True,True,True
linear_obserr_scale02_strerr_y1_y3,x3,x12,0.278,-0.03126830000936611,True,True,True
linear_obserr_scale02_strerr_y1_y3,x3,x13,0.045,-0.03900446303011471,True,True,True
linear_obserr_scale02_strerr_y1_y3,x3,x14,0.13,0.10448052651254577,True,True,True
linear_obserr_scale02_strerr_y1_y3,x3,x15,0.457,-0.011278902661011992,True,True,True
linear_obserr_scale02_strerr_y1_y3,x3,x16,0.079,-0.06716611983249558,True,True,True
linear_obserr_scale02_strerr_y1_y3,x3,x17,0.115,0.0009154421997374279,True,True,True
linear_obserr_scale02_strerr_y1_y3,x3,x18,0.508,0.06502904375865314,False,True,True
linear_obserr_scale02_strerr_y1_y3,x3,x19,0.325,-0.08232170951553683,True,True,True
linear_obserr_scale02_strerr_y1_y3,x4,x5,0.677,0.07377774647267424,False,True,True
linear_obserr_scale02_strerr_y1_y3,x4,x6,0.714,0.11497369507498194,False,True,True
linear_obserr_scale02_strerr_y1_y3,x4,x7,0.189,-0.16895773332050634,True,True,True
linear_obserr_scale02_strerr_y1_y3,x4,x8,0.138,0.09812023948825206,True,True,True
linear_obserr_scale02_strerr_y1_y3,x4,x9,0.536,-0.03382235599908999,False,True,True
linear_obserr_scale02_strerr_y1_y3,x4,x10,0.572,0.047208268281088116,False,True,True
linear_obserr_scale02_strerr_y1_y3,x4,x11,0.703,0.06538224050873151,False,True,True
linear_obserr_scale02_strerr_y1_y3,x4,x12,0.552,-0.048070802945573594,False,True,True
linear_obserr_scale02_strerr_y1_y3,x4,x13,0.276,-0.09855731545823901,True,True,True
linear_obserr_scale02_strerr_y1_y3,x4,x14,0.585,-0.026676923708563914,False,True,True
linear_obserr_scale02_strerr_y1_y3,x4,x15,0.444,0.033773153906469074,True,True,True
linear_obserr_scale02_strerr_y1_y3,x4,x16,0.432,0.013488297222279937,True,True,True
linear_obserr_scale02_strerr_y1_y3,x4,x17,0.314,-0.08145189139009829,True,True,True
linear_obserr_scale02_strerr_y1_y3,x4,x18,0.708,-0.04769624698873789,False,True,True
linear_obserr_scale02_strerr_y1_y3,x4,x19,0.576,0.02225776305250135,False,True,True
linear_obserr_scale02_strerr_y1_y3,x5,x6,0.75,0.0781132104144542,False,True,True
linear_obserr_scale02_strerr_y1_y3,x5,x7,0.408,-0.03803320654728058,True,True,True
linear_obserr_scale02_strerr_y1_y3,x5,x8,0.41,0.09559705153381881,True,True,True
linear_obserr_scale02_strerr_y1_y3,x5,x9,0.498,-0.07622934392124601,True,True,True
linear_obserr_scale02_strerr_y1_y3,x5,x10,0.454,0.09374606456297524,True,True,True
linear_obserr_scale02_strerr_y1_y3,x5,x11,0.657,0.10089843519514621,False,True,True
linear_obserr_scale02_strerr_y1_y3,x5,x12,0.74,0.13370934400276202,False,True,True
linear_obserr_scale02_strerr_y1_y3,x5,x13,0.155,-0.07199191325633203,True,True,True
linear_obserr_scale02_strerr_y1_y3,x5,x14,0.391,-0.09384843293062867,True,True,True
linear_obserr_scale02_strerr_y1_y3,x5,x15,0.594,0.030069338798243275,False,True,True
linear_obserr_scale02_strerr_y1_y3,x5,x16,0.52,0.03211397145258147,False,True,True
linear_obserr_scale02_strerr_y1_y3,x5,x17,0.202,-0.10981686812991986,True,True,True
linear_obserr_scale02_strerr_y1_y3,x5,x18,0.776,0.060788486803707124,False,True,True
linear_obserr_scale02_strerr_y1_y3,x5,x19,0.562,-0.040534673064099705,False,True,True
linear_obserr_scale02_strerr_y1_y3,x6,x7,0.675,0.032682922430881216,False,True,True
linear_obserr_scale02_strerr_y1_y3,x6,x8,0.58,0.053589691759948765,False,True,True
linear_obserr_scale02_strerr_y1_y3,x6,x9,0.601,-0.04840184229209834,False,True,True
linear_obserr_scale02_strerr_y1_y3,x6,x10,0.562,-0.01312531501263758,False,True,True
linear_obserr_scale02_strerr_y1_y3,x6,x11,0.723,0.03427017446500809,False,True,True
linear_obserr_scale02_strerr_y1_y3,x6,x12,0.798,-0.09187346859910318,False,True,True
linear_obserr_scale02_strerr_y1_y3,x6,x13,0.663,-0.034257896628853396,False,True,True
linear_obserr_scale02_strerr_y1_y3,x6,x14,0.768,-0.05112053428921965,False,True,True
linear_obserr_scale02_strerr_y1_y3,x6,x15,0.93,-0.014806232603388514,False,False,True
linear_obserr_scale02_strerr_y1_y3,x6,x16,0.817,-0.014217081059678187,False,True,True
linear_obserr_scale02_strerr_y1_y3,x6,x17,0.586,0.04624160432575843,False,True,True
linear_obserr_scale02_strerr_y1_y3,x6,x18,0.925,0.040280249638491125,False,False,True
linear_obserr_scale02_strerr_y1_y3,x6,x19,0.648,-0.04109051038162989,False,True,True
linear_obserr_scale02_strerr_y1_y3,x7,x8,0.262,0.0316626638454515,True,True,True
linear_obserr_scale02_strerr_y1_y3,x7,x9,0.337,0.021926630863974592,True,True,True
linear_obserr_scale02_strerr_y1_y3,x7,x10,0.399,-0.09292969856045788,True,True,True
linear_obserr_scale02_strerr_y1_y3,x7,x11,0.072,-0.008915783971763637,True,True,True
linear_obserr_scale02_strerr_y1_y3,x7,x12,0.088,0.001055966569987587,True,True,True
linear_obserr_scale02_strerr_y1_y3,x7,x13,0.161,-0.013095505118317526,True,True,True
linear_obserr_scale02_strerr_y1_y3,x7,x14,0.071,0.03344485910199451,True,True,True
linear_obserr_scale02_strerr_y1_y3,x7,x15,0.677,-0.033734515648928584,False,True,True
linear_obserr_scale02_strerr_y1_y3,x7,x16,0.079,-0.02144923880746803,True,True,True
linear_obserr_scale02_strerr_y1_y3,x7,x17,0.041,-0.0003460350804914172,True,True,True
linear_obserr_scale02_strerr_y1_y3,x7,x18,0.513,-0.020846225672717864,False,True,True
linear_obserr_scale02_strerr_y1_y3,x7,x19,0.245,-0.05033211878395929,True,True,True
linear_obserr_scale02_strerr_y1_y3,x8,x9,0.24,-0.003095921046075733,True,True,True
linear_obserr_scale02_strerr_y1_y3,x8,x10,0.537,0.07757114034041158,False,True,True
linear_obserr_scale02_strerr_y1_y3,x8,x11,0.475,0.00998864251973582,True,True,True
linear_obserr_scale02_strerr_y1_y3,x8,x12,0.017,0.026382860093069206,True,True,True
linear_obserr_scale02_strerr_y1_y3,x8,x13,0.241,-0.0023313373123011894,True,True,True
linear_obserr_scale02_strerr_y1_y3,x8,x14,0.375,-0.07580977088313935,True,True,True
linear_obserr_scale02_strerr_y1_y3,x8,x15,0.645,0.006254130940796702,False,True,True
linear_obserr_scale02_strerr_y1_y3,x8,x16,0.178,0.02553829528715416,True,True,True
linear_obserr_scale02_strerr_y1_y3,x8,x17,0.263,-0.06562210532341442,True,True,True
linear_obserr_scale02_strerr_y1_y3,x8,x18,0.809,0.02845345699254924,False,True,True
linear_obserr_scale02_strerr_y1_y3,x8,x19,0.186,-0.18046771258141966,True,True,True
linear_obserr_scale02_strerr_y1_y3,x9,x10,0.3,-0.07805555645769083,True,True,True
linear_obserr_scale02_strerr_y1_y3,x9,x11,0.495,0.00202575009061993,True,True,True
linear_obserr_scale02_strerr_y1_y3,x9,x12,0.176,0.06680816381999653,True,True,True
linear_obserr_scale02_strerr_y1_y3,x9,x13,0.077,-0.01221838141384692,True,True,True
linear_obserr_scale02_strerr_y1_y3,x9,x14,0.393,0.06935597844812859,True,True,True
linear_obserr_scale02_strerr_y1_y3,x9,x15,0.471,0.050451115355726994,True,True,True
linear_obserr_scale02_strerr_y1_y3,x9,x16,0.73,-0.03160163345125269,False,True,True
linear_obserr_scale02_strerr_y1_y3,x9,x17,0.465,-0.06819494181216376,True,True,True
linear_obserr_scale02_strerr_y1_y3,x9,x18,0.637,0.05746442450507545,False,True,True
linear_obserr_scale02_strerr_y1_y3,x9,x19,0.493,0.005018972844483211,True,True,True
linear_obserr_scale02_strerr_y1_y3,x10,x11,0.199,0.04340548721112946,True,True,True
linear_obserr_scale02_strerr_y1_y3,x10,x12,0.726,0.06167970253705127,False,True,True
linear_obserr_scale02_strerr_y1_y3,x10,x13,0.166,-0.005062813564544852,True,True,True
linear_obserr_scale02_strerr_y1_y3,x10,x14,0.232,-0.11579816318347973,True,True,True
linear_obserr_scale02_strerr_y1_y3,x10,x15,0.671,0.06100869954238734,False,True,True
linear_obserr_scale02_strerr_y1_y3,x10,x16,0.724,-0.020510113544944242,False,True,True
linear_obserr_scale02_strerr_y1_y3,x10,x17,0.374,-0.13201016888611566,True,True,True
linear_obserr_scale02_strerr_y1_y3,x10,x18,0.417,0.062332126420758444,True,True,True
linear_obserr_scale02_strerr_y1_y3,x10,x19,0.521,-0.05797545909011853,False,True,True
linear_obserr_scale02_strerr_y1_y3,x11,x12,0.788,0.08746210239107755,False,True,True
linear_obserr_scale02_strerr_y1_y3,x11,x13,0.201,-0.04243208631087761,True,True,True
linear_obserr_scale02_strerr_y1_y3,x11,x14,0.326,-0.06900802314739816,True,True,True
linear_obserr_scale02_strerr_y1_y3,x11,x15,0.844,0.04988993619239569,False,True,True
linear_obserr_scale02_strerr_y1_y3,x11,x16,0.18,0.005774947896723953,True,True,True
linear_obserr_scale02_strerr_y1_y3,x11,x17,0.041,-0.010351291152116771,True,True,True
linear_obserr_scale02_strerr_y1_y3,x11,x18,0.784,-0.00026359184113381666,False,True,True
linear_obserr_scale02_strerr_y1_y3,x11,x19,0.575,-0.007024434203731803,False,True,True
linear_obserr_scale02_strerr_y1_y3,x12,x13,0.035,-0.017579273978359258,True,True,True
linear_obserr_scale02_strerr_y1_y3,x12,x14,0.497,-0.06863224753430207,True,True,True
linear_obserr_scale02_strerr_y1_y3,x12,x15,0.754,0.05512258589233459,False,True,True
linear_obserr_scale02_strerr_y1_y3,x12,x16,0.434,0.0006851647430740365,True,True,True
linear_obserr_scale02_strerr_y1_y3,x12,x17,0.284,-0.07315303001499539,True,True,True
linear_obserr_scale02_strerr_y1_y3,x12,x18,0.735,0.040935821853040906,False,True,True
linear_obserr_scale02_strerr_y1_y3,x12,x19,0.569,-0.07009390046142969,False,True,True
linear_obserr_scale02_strerr_y1_y3,x13,x14,0.184,0.12833549857891502,True,True,True
linear_obserr_scale02_strerr_y1_y3,x13,x15,0.394,0.08931787304580574,True,True,True
linear_obserr_scale02_strerr_y1_y3,x13,x16,0.205,0.004671909572759713,True,True,True
linear_obserr_scale02_strerr_y1_y3,x13,x17,0.183,0.03578045146281393,True,True,True
linear_obserr_scale02_strerr_y1_y3,x13,x18,0.536,-0.07107586960994312,False,True,True
linear_obserr_scale02_strerr_y1_y3,x13,x19,0.531,-0.02283753334034431,False,True,True
linear_obserr_scale02_strerr_y1_y3,x14,x15,0.612,0.0038219518988399214,False,True,True
linear_obserr_scale02_strerr_y1_y3,x14,x16,0.098,-0.1174510441276873,True,True,True
linear_obserr_scale02_strerr_y1_y3,x14,x17,0.003,0.10674275468615715,True,True,True
linear_obserr_scale02_strerr_y1_y3,x14,x18,0.58,-0.08773063249971527,False,True,True
linear_obserr_scale02_strerr_y1_y3,x14,x19,0.267,0.06801437621140467,True,True,True
linear_obserr_scale02_strerr_y1_y3,x15,x16,0.697,0.15665806169366547,False,True,True
linear_obserr_scale02_strerr_y1_y3,x15,x17,0.438,-0.08529079978887599,True,True,True
linear_obserr_scale02_strerr_y1_y3,x15,x18,0.802,0.08149285925355765,False,True,True
linear_obserr_scale02_strerr_y1_y3,x15,x19,0.43,0.06971026517071462,True,True,True
linear_obserr_scale02_strerr_y1_y3,x16,x17,0.054,-0.0767334901290584,True,True,True
linear_obserr_scale02_strerr_y1_y3,x16,x18,0.733,0.05264399862390157,False,True,True
linear_obserr_scale02_strerr_y1_y3,x16,x19,0.653,0.09386870170483727,False,True,True
linear_obserr_scale02_strerr_y1_y3,x17,x18,0.494,-0.05400100627568975,True,True,True
linear_obserr_scale02_strerr_y1_y3,x17,x19,0.364,0.12498839341116012,True,True,True
linear_obserr_scale02_strerr_y1_y3,x18,x19,0.866,-0.007109620315116579,False,True,True
linear_obserr_scale02_strerr_y20_y25_y29,x0,x1,0.179,0.13383666351886458,True,True,True
linear_obserr_scale02_strerr_y20_y25_y29,x0,x2,0.995,-0.4110788325868315,False,False,False
linear_obserr_scale02_strerr_y20_y25_y29,x0,x3,0.28,-0.07268326095294446,True,True,True
linear_obserr_scale02_strerr_y20_y25_y29,x0,x4,0.491,-0.14725047974619165,True,True,True
linear_obserr_scale02_strerr_y20_y25_y29,x0,x5,0.45,0.040632093784143626,True,True,True
linear_obserr_scale02_strerr_y20_y25_y29,x0,x6,0.593,0.08603376636831361,False,True,True
linear_obserr_scale02_strerr_y20_y25_y29,x0,x7,0.129,-0.028974393860013804,True,True,True
linear_obserr_scale02_strerr_y20_y25_y29,x0,x8,0.088,0.009412701007939232,True,True,True
linear_obserr_scale02_strerr_y20_y25_y29,x0,x9,0.296,-0.0057877199898875575,True,True,True
linear_obserr_scale02_strerr_y20_y25_y29,x0,x10,0.464,0.06013002341824282,True,True,True
linear_obserr_scale02_strerr_y20_y25_y29,x0,x11,0.741,0.09078724666213343,False,True,True
linear_obserr_scale02_strerr_y20_y25_y29,x0,x12,0.229,-0.06718080688592333,True,True,True
linear_obserr_scale02_strerr_y20_y25_y29,x0,x13,0.246,-0.06852517423057132,True,True,True
linear_obserr_scale02_strerr_y20_y25_y29,x0,x14,0.23,0.03388861079791377,True,True,True
linear_obserr_scale02_strerr_y20_y25_y29,x0,x15,0.283,-0.02224796608177004,True,True,True
linear_obserr_scale02_strerr_y20_y25_y29,x0,x16,0.267,-0.08393929694506275,True,True,True
linear_obserr_scale02_strerr_y20_y25_y29,x0,x17,0.131,0.0064345683555003105,True,True,True
linear_obserr_scale02_strerr_y20_y25_y29,x0,x18,0.389,0.0593702406438532,True,True,True
linear_obserr_scale02_strerr_y20_y25_y29,x0,x19,0.543,0.01460387196940781,False,True,True
linear_obserr_scale02_strerr_y20_y25_y29,x1,x2,0.928,-0.24933804212062713,False,False,True
linear_obserr_scale02_strerr_y20_y25_y29,x1,x3,0.129,-0.08572167551435272,True,True,True
linear_obserr_scale02_strerr_y20_y25_y29,x1,x4,0.42,-0.0865487968415602,True,True,True
linear_obserr_scale02_strerr_y20_y25_y29,x1,x5,0.187,0.15610826040603606,True,True,True
linear_obserr_scale02_strerr_y20_y25_y29,x1,x6,0.358,0.02587420297974802,True,True,True
linear_obserr_scale02_strerr_y20_y25_y29,x1,x7,0.192,-0.016081390021611422,True,True,True
linear_obserr_scale02_strerr_y20_y25_y29,x1,x8,0.102,0.03125564552367407,True,True,True
linear_obserr_scale02_strerr_y20_y25_y29,x1,x9,0.123,0.0026621710656609663,True,True,True
linear_obserr_scale02_strerr_y20_y25_y29,x1,x10,0.049,0.06148104948173807,True,True,True
linear_obserr_scale02_strerr_y20_y25_y29,x1,x11,0.554,0.09409161476698372,False,True,True
linear_obserr_scale02_strerr_y20_y25_y29,x1,x12,0.166,0.0888380419016924,True,True,True
linear_obserr_scale02_strerr_y20_y25_y29,x1,x13,0.012,0.08835904387410694,True,True,True
linear_obserr_scale02_strerr_y20_y25_y29,x1,x14,0.275,-0.004772838308153742,True,True,True
linear_obserr_scale02_strerr_y20_y25_y29,x1,x15,0.455,0.09282454608186548,True,True,True
linear_obserr_scale02_strerr_y20_y25_y29,x1,x16,0.158,0.027391103239857627,True,True,True
linear_obserr_scale02_strerr_y20_y25_y29,x1,x17,0.081,0.0349202777788109,True,True,True
linear_obserr_scale02_strerr_y20_y25_y29,x1,x18,0.228,0.07041851345777835,True,True,True
linear_obserr_scale02_strerr_y20_y25_y29,x1,x19,0.33,-0.061003759179802,True,True,True
linear_obserr_scale02_strerr_y20_y25_y29,x2,x3,0.965,0.19730827568207607,False,False,False
linear_obserr_scale02_strerr_y20_y25_y29,x2,x4,0.964,0.14512164856383117,False,False,False
linear_obserr_scale02_strerr_y20_y25_y29,x2,x5,0.926,-0.04935046869521822,False,False,True
linear_obserr_scale02_strerr_y20_y25_y29,x2,x6,0.974,-0.039433102143193274,False,False,False
linear_obserr_scale02_strerr_y20_y25_y29,x2,x7,0.954,0.0045768788663736355,False,False,False
linear_obserr_scale02_strerr_y20_y25_y29,x2,x8,0.922,0.11737503864298819,False,False,True
linear_obserr_scale02_strerr_y20_y25_y29,x2,x9,0.973,-0.0013382473796085437,False,False,False
linear_obserr_scale02_strerr_y20_y25_y29,x2,x10,0.947,0.03142085120206938,False,False,True
linear_obserr_scale02_strerr_y20_y25_y29,x2,x11,0.931,-0.029645193382344805,False,False,True
linear_obserr_scale02_strerr_y20_y25_y29,x2,x12,0.958,0.04400945251347957,False,False,False
linear_obserr_scale02_strerr_y20_y25_y29,x2,x13,0.939,-0.016446041798778815,False,False,True
linear_obserr_scale02_strerr_y20_y25_y29,x2,x14,0.934,0.09245752117091523,False,False,True
linear_obserr_scale02_strerr_y20_y25_y29,x2,x15,0.925,0.00022918488350440782,False,False,True
linear_obserr_scale02_strerr_y20_y25_y29,x2,x16,0.954,0.052619663100608366,False,False,False
linear_obserr_scale02_strerr_y20_y25_y29,x2,x17,0.941,-0.06239508222785969,False,False,True
linear_obserr_scale02_strerr_y20_y25_y29,x2,x18,0.949,-0.05555507037025582,False,False,True
linear_obserr_scale02_strerr_y20_y25_y29,x2,x19,0.93,-0.049763231796942115,False,False,True
linear_obserr_scale02_strerr_y20_y25_y29,x3,x4,0.355,-0.2722172061140436,True,True,True
linear_obserr_scale02_strerr_y20_y25_y29,x3,x5,0.093,0.012337791618732562,True,True,True
linear_obserr_scale02_strerr_y20_y25_y29,x3,x6,0.588,-0.05829628096131943,False,True,True
linear_obserr_scale02_strerr_y20_y25_y29,x3,x7,0.081,-0.024650352822116396,True,True,True
linear_obserr_scale02_strerr_y20_y25_y29,x3,x8,0.188,0.01621486103562374,True,True,True
linear_obserr_scale02_strerr_y20_y25_y29,x3,x9,0.204,0.007208683741129923,True,True,True
linear_obserr_scale02_strerr_y20_y25_y29,x3,x10,0.079,-0.06284255904869032,True,True,True
linear_obserr_scale02_strerr_y20_y25_y29,x3,x11,0.193,0.05700280346033634,True,True,True
linear_obserr_scale02_strerr_y20_y25_y29,x3,x12,0.281,-0.10416465556820624,True,True,True
linear_obserr_scale02_strerr_y20_y25_y29,x3,x13,0.005,0.05099499258588908,True,True,True
linear_obserr_scale02_strerr_y20_y25_y29,x3,x14,0.034,0.08288774972403601,True,True,True
linear_obserr_scale02_strerr_y20_y25_y29,x3,x15,0.46,-0.04564805282083902,True,True,True
linear_obserr_scale02_strerr_y20_y25_y29,x3,x16,0.04,-0.06861170565346114,True,True,True
linear_obserr_scale02_strerr_y20_y25_y29,x3,x17,0.154,0.012661210842618243,True,True,True
linear_obserr_scale02_strerr_y20_y25_y29,x3,x18,0.163,-0.005510016170702171,True,True,True
linear_obserr_scale02_strerr_y20_y25_y29,x3,x19,0.155,-0.02998744775697494,True,True,True
linear_obserr_scale02_strerr_y20_y25_y29,x4,x5,0.767,0.05967235070213487,False,True,True
linear_obserr_scale02_strerr_y20_y25_y29,x4,x6,0.86,-0.033957989208817964,False,True,True
linear_obserr_scale02_strerr_y20_y25_y29,x4,x7,0.556,-0.11412055287449833,False,True,True
linear_obserr_scale02_strerr_y20_y25_y29,x4,x8,0.386,0.013548286079283722,True,True,True
linear_obserr_scale02_strerr_y20_y25_y29,x4,x9,0.446,-0.07228886775685706,True,True,True
linear_obserr_scale02_strerr_y20_y25_y29,x4,x10,0.571,0.0010327278388706227,False,True,True
linear_obserr_scale02_strerr_y20_y25_y29,x4,x11,0.914,0.03244288198235363,False,False,True
linear_obserr_scale02_strerr_y20_y25_y29,x4,x12,0.473,-0.04593518341419338,True,True,True
linear_obserr_scale02_strerr_y20_y25_y29,x4,x13,0.453,-0.13914463969923033,True,True,True
linear_obserr_scale02_strerr_y20_y25_y29,x4,x14,0.607,-0.04533166320009867,False,True,True
linear_obserr_scale02_strerr_y20_y25_y29,x4,x15,0.664,-0.04021998385440546,False,True,True
linear_obserr_scale02_strerr_y20_y25_y29,x4,x16,0.632,0.03178865827051262,False,True,True
linear_obserr_scale02_strerr_y20_y25_y29,x4,x17,0.552,-0.052808316510692156,False,True,True
linear_obserr_scale02_strerr_y20_y25_y29,x4,x18,0.626,-0.03245697730329727,False,True,True
linear_obserr_scale02_strerr_y20_y25_y29,x4,x19,0.696,-0.009772667654827302,False,True,True
linear_obserr_scale02_strerr_y20_y25_y29,x5,x6,0.697,0.056235335656480104,False,True,True
linear_obserr_scale02_strerr_y20_y25_y29,x5,x7,0.35,-0.07838265954769419,True,True,True
linear_obserr_scale02_strerr_y20_y25_y29,x5,x8,0.199,0.054454920073783594,True,True,True
linear_obserr_scale02_strerr_y20_y25_y29,x5,x9,0.177,-0.09804453321519926,True,True,True
linear_obserr_scale02_strerr_y20_y25_y29,x5,x10,0.158,0.0515198086250441,True,True,True
linear_obserr_scale02_strerr_y20_y25_y29,x5,x11,0.872,0.07318096512696455,False,True,True
linear_obserr_scale02_strerr_y20_y25_y29,x5,x12,0.734,0.07297205991048446,False,True,True
linear_obserr_scale02_strerr_y20_y25_y29,x5,x13,0.096,-0.06111250944190792,True,True,True
linear_obserr_scale02_strerr_y20_y25_y29,x5,x14,0.205,0.010318611940164328,True,True,True
linear_obserr_scale02_strerr_y20_y25_y29,x5,x15,0.576,0.010922040245490393,False,True,True
linear_obserr_scale02_strerr_y20_y25_y29,x5,x16,0.261,-0.018157501172760892,True,True,True
linear_obserr_scale02_strerr_y20_y25_y29,x5,x17,0.158,-0.03492605734456527,True,True,True
linear_obserr_scale02_strerr_y20_y25_y29,x5,x18,0.351,0.04249087310987181,True,True,True
linear_obserr_scale02_strerr_y20_y25_y29,x5,x19,0.413,-0.09648363071049432,True,True,True
linear_obserr_scale02_strerr_y20_y25_y29,x6,x7,0.668,0.06887212548768765,False,True,True
linear_obserr_scale02_strerr_y20_y25_y29,x6,x8,0.485,0.07364299526416226,True,True,True
linear_obserr_scale02_strerr_y20_y25_y29,x6,x9,0.634,0.0454115752444137,False,True,True
linear_obserr_scale02_strerr_y20_y25_y29,x6,x10,0.489,0.010298254424248417,True,True,True
linear_obserr_scale02_strerr_y20_y25_y29,x6,x11,0.822,0.07130491863471253,False,True,True
linear_obserr_scale02_strerr_y20_y25_y29,x6,x12,0.764,-0.016146675003188154,False,True,True
linear_obserr_scale02_strerr_y20_y25_y29,x6,x13,0.627,-0.0028442162053260393,False,True,True
linear_obserr_scale02_strerr_y20_y25_y29,x6,x14,0.745,-0.04920990405596542,False,True,True
linear_obserr_scale02_strerr_y20_y25_y29,x6,x15,0.917,-0.026327097858384475,False,False,True
linear_obserr_scale02_strerr_y20_y25_y29,x6,x16,0.625,-0.033122093877034735,False,True,True
linear_obserr_scale02_strerr_y20_y25_y29,x6,x17,0.432,-0.02101230061293123,True,True,True
linear_obserr_scale02_strerr_y20_y25_y29,x6,x18,0.801,0.07888109473856877,False,True,True
linear_obserr_scale02_strerr_y20_y25_y29,x6,x19,0.721,0.006457621080114472,False,True,True
linear_obserr_scale02_strerr_y20_y25_y29,x7,x8,0.116,0.011728518233924628,True,True,True
linear_obserr_scale02_strerr_y20_y25_y29,x7,x9,0.301,0.01847420716308379,True,True,True
linear_obserr_scale02_strerr_y20_y25_y29,x7,x10,0.424,-0.03294488783952976,True,True,True
linear_obserr_scale02_strerr_y20_y25_y29,x7,x11,0.476,0.06340675317207843,True,True,True
linear_obserr_scale02_strerr_y20_y25_y29,x7,x12,0.105,-0.017452262325034048,True,True,True
linear_obserr_scale02_strerr_y20_y25_y29,x7,x13,0.244,0.049548233422276496,True,True,True
linear_obserr_scale02_strerr_y20_y25_y29,x7,x14,0.076,-0.028930258735575035,True,True,True
linear_obserr_scale02_strerr_y20_y25_y29,x7,x15,0.866,0.08463488753416361,False,True,True
linear_obserr_scale02_strerr_y20_y25_y29,x7,x16,0.055,-0.06439278150000563,True,True,True
linear_obserr_scale02_strerr_y20_y25_y29,x7,x17,0.014,-0.0009822464307449117,True,True,True
linear_obserr_scale02_strerr_y20_y25_y29,x7,x18,0.258,-0.0532348011564731,True,True,True
linear_obserr_scale02_strerr_y20_y25_y29,x7,x19,0.449,0.05767784336345983,True,True,True
linear_obserr_scale02_strerr_y20_y25_y29,x8,x9,0.129,0.08051815479601804,True,True,True
linear_obserr_scale02_strerr_y20_y25_y29,x8,x10,0.277,0.13994203212396872,True,True,True
linear_obserr_scale02_strerr_y20_y25_y29,x8,x11,0.816,0.0011337630128872647,False,True,True
linear_obserr_scale02_strerr_y20_y25_y29,x8,x12,0.066,0.024974362656982736,True,True,True
linear_obserr_scale02_strerr_y20_y25_y29,x8,x13,0.189,-0.02106506161515789,True,True,True
linear_obserr_scale02_strerr_y20_y25_y29,x8,x14,0.216,0.03688192487746092,True,True,True
linear_obserr_scale02_strerr_y20_y25_y29,x8,x15,0.548,-0.0074826114242418276,False,True,True
linear_obserr_scale02_strerr_y20_y25_y29,x8,x16,0.213,0.009958782103055881,True,True,True
linear_obserr_scale02_strerr_y20_y25_y29,x8,x17,0.165,-0.11285621401312158,True,True,True
linear_obserr_scale02_strerr_y20_y25_y29,x8,x18,0.411,0.0248867268781235,True,True,True
linear_obserr_scale02_strerr_y20_y25_y29,x8,x19,0.363,-0.17731216147124546,True,True,True
linear_obserr_scale02_strerr_y20_y25_y29,x9,x10,0.205,-0.03524880014416132,True,True,True
linear_obserr_scale02_strerr_y20_y25_y29,x9,x11,0.687,-0.03260626715812575,False,True,True
linear_obserr_scale02_strerr_y20_y25_y29,x9,x12,0.35,-0.006616327824923739,True,True,True
linear_obserr_scale02_strerr_y20_y25_y29,x9,x13,0.243,0.05406404184197238,True,True,True
linear_obserr_scale02_strerr_y20_y25_y29,x9,x14,0.08,0.05085927609265013,True,True,True
linear_obserr_scale02_strerr_y20_y25_y29,x9,x15,0.59,0.014493345689414744,False,True,True
linear_obserr_scale02_strerr_y20_y25_y29,x9,x16,0.297,-0.02307298240258124,True,True,True
linear_obserr_scale02_strerr_y20_y25_y29,x9,x17,0.079,-0.02704945206980384,True,True,True
linear_obserr_scale02_strerr_y20_y25_y29,x9,x18,0.103,0.06476800240265904,True,True,True
linear_obserr_scale02_strerr_y20_y25_y29,x9,x19,0.305,-0.0008267198188557226,True,True,True
linear_obserr_scale02_strerr_y20_y25_y29,x10,x11,0.507,0.054864991570172335,False,True,True
linear_obserr_scale02_strerr_y20_y25_y29,x10,x12,0.562,0.01798762917297521,False,True,True
linear_obserr_scale02_strerr_y20_y25_y29,x10,x13,0.076,0.017368648628446726,True,True,True
linear_obserr_scale02_strerr_y20_y25_y29,x10,x14,0.056,-0.08019217022136568,True,True,True
linear_obserr_scale02_strerr_y20_y25_y29,x10,x15,0.576,0.07783058418038044,False,True,True
linear_obserr_scale02_strerr_y20_y25_y29,x10,x16,0.285,-0.06280155075801619,True,True,True
linear_obserr_scale02_strerr_y20_y25_y29,x10,x17,0.154,-0.07239215476383479,True,True,True
linear_obserr_scale02_strerr_y20_y25_y29,x10,x18,0.061,0.05790879216287427,True,True,True
linear_obserr_scale02_strerr_y20_y25_y29,x10,x19,0.561,-0.015425809204032827,False,True,True
linear_obserr_scale02_strerr_y20_y25_y29,x11,x12,0.533,0.01782832227209173,False,True,True
linear_obserr_scale02_strerr_y20_y25_y29,x11,x13,0.432,0.0007243872646860708,True,True,True
linear_obserr_scale02_strerr_y20_y25_y29,x11,x14,0.392,0.017692432042177117,True,True,True
linear_obserr_scale02_strerr_y20_y25_y29,x11,x15,0.975,0.025029583783522602,False,False,False
linear_obserr_scale02_strerr_y20_y25_y29,x11,x16,0.169,0.05787178339330692,True,True,True
linear_obserr_scale02_strerr_y20_y25_y29,x11,x17,0.133,0.007884567064108469,True,True,True
linear_obserr_scale02_strerr_y20_y25_y29,x11,x18,0.701,-0.04211479492607412,False,True,True
linear_obserr_scale02_strerr_y20_y25_y29,x11,x19,0.767,-0.01721859529998038,False,True,True
linear_obserr_scale02_strerr_y20_y25_y29,x12,x13,0.077,0.12074684060653613,True,True,True
linear_obserr_scale02_strerr_y20_y25_y29,x12,x14,0.255,-0.055028271068179375,True,True,True
linear_obserr_scale02_strerr_y20_y25_y29,x12,x15,0.548,0.10750444568808061,False,True,True
linear_obserr_scale02_strerr_y20_y25_y29,x12,x16,0.579,0.07364643286371954,False,True,True
linear_obserr_scale02_strerr_y20_y25_y29,x12,x17,0.148,0.024464664282168876,True,True,True
linear_obserr_scale02_strerr_y20_y25_y29,x12,x18,0.517,0.07208992062731343,False,True,True
linear_obserr_scale02_strerr_y20_y25_y29,x12,x19,0.487,-0.004125342733084019,True,True,True
linear_obserr_scale02_strerr_y20_y25_y29,x13,x14,0.132,0.10055866848299118,True,True,True
linear_obserr_scale02_strerr_y20_y25_y29,x13,x15,0.309,0.10706767872718631,True,True,True
linear_obserr_scale02_strerr_y20_y25_y29,x13,x16,0.28,0.0621015998750045,True,True,True
linear_obserr_scale02_strerr_y20_y25_y29,x13,x17,0.198,0.059100656227321,True,True,True
linear_obserr_scale02_strerr_y20_y25_y29,x13,x18,0.466,-0.04162691514784878,True,True,True
linear_obserr_scale02_strerr_y20_y25_y29,x13,x19,0.481,0.07347921315882926,True,True,True
linear_obserr_scale02_strerr_y20_y25_y29,x14,x15,0.367,-0.004676161778256343,True,True,True
linear_obserr_scale02_strerr_y20_y25_y29,x14,x16,0.112,-0.1330373163911095,True,True,True
linear_obserr_scale02_strerr_y20_y25_y29,x14,x17,0.004,0.03457940386210771,True,True,True
linear_obserr_scale02_strerr_y20_y25_y29,x14,x18,0.039,-0.057510058111805346,True,True,True
linear_obserr_scale02_strerr_y20_y25_y29,x14,x19,0.152,-0.03416700806265981,True,True,True
linear_obserr_scale02_strerr_y20_y25_y29,x15,x16,0.838,0.061358582158023076,False,True,True
linear_obserr_scale02_strerr_y20_y25_y29,x15,x17,0.438,-0.08055068371347464,True,True,True
linear_obserr_scale02_strerr_y20_y25_y29,x15,x18,0.703,0.00011581919632970187,False,True,True
linear_obserr_scale02_strerr_y20_y25_y29,x15,x19,0.383,0.11077380941449867,True,True,True
linear_obserr_scale02_strerr_y20_y25_y29,x16,x17,0.042,-0.02239218245056422,True,True,True
linear_obserr_scale02_strerr_y20_y25_y29,x16,x18,0.124,0.07929051308139473,True,True,True
linear_obserr_scale02_strerr_y20_y25_y29,x16,x19,0.368,0.10588716712399295,True,True,True
linear_obserr_scale02_strerr_y20_y25_y29,x17,x18,0.114,-0.09724412690341042,True,True,True
linear_obserr_scale02_strerr_y20_y25_y29,x17,x19,0.198,0.045270012537577724,True,True,True
linear_obserr_scale02_strerr_y20_y25_y29,x18,x19,0.547,-0.043096284284231984,False,True,True
